DJ 
Gauss Point1	( -0.7746;  -0.7746;  -0.7746): 
[[ 5.00000000e-01  4.16333634e-17  0.00000000e+00]
 [ 2.49800181e-16 -5.00000000e-01  0.00000000e+00]
 [ 1.94289029e-16  4.16333634e-17  5.00000000e-01]] 
DET  -0.12500000000000008 
--------------------------------------------------------------------------------------------------
Gauss Point2	(  0.0000;  -0.7746;  -0.7746): 
[[ 5.00000000e-01  0.00000000e+00  0.00000000e+00]
 [ 1.94289029e-16 -5.00000000e-01  2.77555756e-17]
 [ 3.33066907e-16 -1.11022302e-16  5.00000000e-01]] 
DET  -0.12500000000000003 
--------------------------------------------------------------------------------------------------
Gauss Point3	(  0.7746;  -0.7746;  -0.7746): 
[[ 5.00000000e-01 -1.24900090e-16  0.00000000e+00]
 [ 2.35922393e-16 -5.00000000e-01  0.00000000e+00]
 [ 1.38777878e-16  1.24900090e-16  5.00000000e-01]] 
DET  -0.12499999999999997 
--------------------------------------------------------------------------------------------------
Gauss Point4	( -0.7746;   0.0000;  -0.7746): 
[[ 5.00000000e-01 -8.32667268e-17  2.77555756e-17]
 [ 0.00000000e+00 -5.00000000e-01  0.00000000e+00]
 [-6.10622664e-16 -1.11022302e-16  5.00000000e-01]] 
DET  -0.12500000000000003 
--------------------------------------------------------------------------------------------------
Gauss Point5	(  0.0000;   0.0000;  -0.7746): 
[[ 0.5  0.   0. ]
 [ 0.  -0.5  0. ]
 [ 0.   0.   0.5]] 
DET  -0.12500000000000003 
--------------------------------------------------------------------------------------------------
Gauss Point6	(  0.7746;   0.0000;  -0.7746): 
[[ 5.00000000e-01  8.32667268e-17 -2.77555756e-17]
 [-2.77555756e-17 -5.00000000e-01  0.00000000e+00]
 [-3.88578059e-16 -1.11022302e-16  5.00000000e-01]] 
DET  -0.12500000000000014 
--------------------------------------------------------------------------------------------------
Gauss Point7	( -0.7746;   0.7746;  -0.7746): 
[[ 5.00000000e-01  0.00000000e+00  0.00000000e+00]
 [-2.49800181e-16 -5.00000000e-01  0.00000000e+00]
 [ 3.05311332e-16 -5.55111512e-17  5.00000000e-01]] 
DET  -0.12500000000000008 
--------------------------------------------------------------------------------------------------
Gauss Point8	(  0.0000;   0.7746;  -0.7746): 
[[ 5.00000000e-01  0.00000000e+00  0.00000000e+00]
 [ 2.77555756e-17 -5.00000000e-01  0.00000000e+00]
 [ 3.33066907e-16  0.00000000e+00  5.00000000e-01]] 
DET  -0.12499999999999992 
--------------------------------------------------------------------------------------------------
Gauss Point9	(  0.7746;   0.7746;  -0.7746): 
[[ 5.00000000e-01 -1.38777878e-17  0.00000000e+00]
 [-2.63677968e-16 -5.00000000e-01  0.00000000e+00]
 [ 2.63677968e-16 -2.77555756e-17  5.00000000e-01]] 
DET  -0.12500000000000003 
--------------------------------------------------------------------------------------------------
Gauss Point10	( -0.7746;  -0.7746;   0.0000): 
[[ 5.00000000e-01  5.55111512e-17  0.00000000e+00]
 [-2.22044605e-16 -5.00000000e-01  0.00000000e+00]
 [-2.77555756e-17  4.16333634e-17  5.00000000e-01]] 
DET  -0.12499999999999997 
--------------------------------------------------------------------------------------------------
Gauss Point11	(  0.0000;  -0.7746;   0.0000): 
[[ 5.00000000e-01  0.00000000e+00  0.00000000e+00]
 [ 0.00000000e+00 -5.00000000e-01  0.00000000e+00]
 [ 1.11022302e-16  0.00000000e+00  5.00000000e-01]] 
DET  -0.12499999999999997 
--------------------------------------------------------------------------------------------------
Gauss Point12	(  0.7746;  -0.7746;   0.0000): 
[[ 5.00000000e-01  5.55111512e-17  0.00000000e+00]
 [-4.71844785e-16 -5.00000000e-01  2.77555756e-17]
 [-8.32667268e-17 -4.16333634e-17  5.00000000e-01]] 
DET  -0.12499999999999992 
--------------------------------------------------------------------------------------------------
Gauss Point13	( -0.7746;   0.0000;   0.0000): 
[[ 5.00000000e-01  0.00000000e+00  0.00000000e+00]
 [ 0.00000000e+00 -5.00000000e-01  0.00000000e+00]
 [ 5.55111512e-17  0.00000000e+00  5.00000000e-01]] 
DET  -0.12500000000000008 
--------------------------------------------------------------------------------------------------
Gauss Point14	(  0.0000;   0.0000;   0.0000): 
[[ 0.5  0.   0. ]
 [ 0.  -0.5  0. ]
 [ 0.   0.   0.5]] 
DET  -0.12500000000000003 
--------------------------------------------------------------------------------------------------
Gauss Point15	(  0.7746;   0.0000;   0.0000): 
[[ 5.00000000e-01  0.00000000e+00  0.00000000e+00]
 [ 0.00000000e+00 -5.00000000e-01  0.00000000e+00]
 [ 5.55111512e-17  0.00000000e+00  5.00000000e-01]] 
DET  -0.12500000000000003 
--------------------------------------------------------------------------------------------------
Gauss Point16	( -0.7746;   0.7746;   0.0000): 
[[ 5.00000000e-01  2.77555756e-17 -8.32667268e-17]
 [ 2.22044605e-16 -5.00000000e-01  0.00000000e+00]
 [-2.77555756e-17  0.00000000e+00  5.00000000e-01]] 
DET  -0.12499999999999997 
--------------------------------------------------------------------------------------------------
Gauss Point17	(  0.0000;   0.7746;   0.0000): 
[[ 5.00000000e-01  0.00000000e+00  0.00000000e+00]
 [ 0.00000000e+00 -5.00000000e-01  0.00000000e+00]
 [ 1.11022302e-16  0.00000000e+00  5.00000000e-01]] 
DET  -0.12499999999999997 
--------------------------------------------------------------------------------------------------
Gauss Point18	(  0.7746;   0.7746;   0.0000): 
[[ 5.00000000e-01 -2.77555756e-17  8.32667268e-17]
 [-8.32667268e-17 -5.00000000e-01 -2.77555756e-17]
 [ 4.16333634e-17  0.00000000e+00  5.00000000e-01]] 
DET  -0.12500000000000008 
--------------------------------------------------------------------------------------------------
Gauss Point19	( -0.7746;  -0.7746;   0.7746): 
[[ 5.00000000e-01 -6.93889390e-17  8.32667268e-17]
 [ 0.00000000e+00 -5.00000000e-01  0.00000000e+00]
 [-2.49800181e-16 -6.93889390e-17  5.00000000e-01]] 
DET  -0.12499999999999997 
--------------------------------------------------------------------------------------------------
Gauss Point20	(  0.0000;  -0.7746;   0.7746): 
[[ 5.00000000e-01  0.00000000e+00  0.00000000e+00]
 [ 3.33066907e-16 -5.00000000e-01  0.00000000e+00]
 [ 1.11022302e-16 -1.11022302e-16  5.00000000e-01]] 
DET  -0.12499999999999997 
--------------------------------------------------------------------------------------------------
Gauss Point21	(  0.7746;  -0.7746;   0.7746): 
[[ 5.00000000e-01 -6.93889390e-17  8.32667268e-17]
 [ 8.32667268e-17 -5.00000000e-01  1.66533454e-16]
 [-3.05311332e-16 -9.71445147e-17  5.00000000e-01]] 
DET  -0.12499999999999992 
--------------------------------------------------------------------------------------------------
Gauss Point22	( -0.7746;   0.0000;   0.7746): 
[[ 5.00000000e-01  0.00000000e+00  0.00000000e+00]
 [ 0.00000000e+00 -5.00000000e-01  0.00000000e+00]
 [ 4.99600361e-16  0.00000000e+00  5.00000000e-01]] 
DET  -0.12499999999999992 
--------------------------------------------------------------------------------------------------
Gauss Point23	(  0.0000;   0.0000;   0.7746): 
[[ 0.5  0.   0. ]
 [ 0.  -0.5  0. ]
 [ 0.   0.   0.5]] 
DET  -0.12500000000000003 
--------------------------------------------------------------------------------------------------
Gauss Point24	(  0.7746;   0.0000;   0.7746): 
[[ 5.00000000e-01  0.00000000e+00  0.00000000e+00]
 [ 0.00000000e+00 -5.00000000e-01  0.00000000e+00]
 [ 5.55111512e-17  0.00000000e+00  5.00000000e-01]] 
DET  -0.12500000000000014 
--------------------------------------------------------------------------------------------------
Gauss Point25	( -0.7746;   0.7746;   0.7746): 
[[ 5.00000000e-01  2.77555756e-17  8.32667268e-17]
 [ 0.00000000e+00 -5.00000000e-01  0.00000000e+00]
 [-2.49800181e-16 -1.38777878e-17  5.00000000e-01]] 
DET  -0.1250000000000002 
--------------------------------------------------------------------------------------------------
Gauss Point26	(  0.0000;   0.7746;   0.7746): 
[[ 5.00000000e-01  0.00000000e+00  0.00000000e+00]
 [-5.55111512e-16 -5.00000000e-01  0.00000000e+00]
 [ 1.11022302e-16 -2.77555756e-17  5.00000000e-01]] 
DET  -0.12500000000000003 
--------------------------------------------------------------------------------------------------
Gauss Point27	(  0.7746;   0.7746;   0.7746): 
[[ 5.00000000e-01  1.38777878e-17 -1.11022302e-16]
 [-8.32667268e-17 -5.00000000e-01  0.00000000e+00]
 [-1.80411242e-16  0.00000000e+00  5.00000000e-01]] 
DET  -0.12499999999999997 
--------------------------------------------------------------------------------------------------


DFIXYZ 
Gauss Point #0	( -0.7746;  -0.7746;  -0.7746): 
[[-0.05491933  0.78729833 -0.05491933]
 [-0.25491933  0.25491933  0.01270167]
 [-0.78729833  0.05491933 -0.05491933]
 [-1.65205634  1.65205634 -1.65205634]
 [ 0.01270167  0.25491933 -0.25491933]
 [-0.05205634  0.05205634 -0.05205634]
 [-0.25491933 -0.01270167 -0.25491933]
 [-0.05491933  0.05491933 -0.78729833]
 [ 0.30983867 -0.35491933 -0.04508067]
 [ 0.35491933 -0.30983867 -0.04508067]
 [ 2.43935467  0.35491933 -0.35491933]
 [-0.35491933 -2.43935467 -0.35491933]
 [-0.04508067 -0.35491933  0.30983867]
 [ 0.04508067 -0.04508067  0.03935467]
 [ 0.35491933  0.04508067  0.30983867]
 [-0.35491933  0.35491933  2.43935467]
 [ 0.03935467 -0.04508067  0.04508067]
 [ 0.04508067 -0.03935467  0.04508067]
 [ 0.30983867  0.04508067  0.35491933]
 [-0.04508067 -0.30983867  0.35491933]] 
Gauss Point #1	(  0.0000;  -0.7746;  -0.7746): 
[[ 0.1         0.78729833  0.01270167]
 [-0.1         0.78729833  0.01270167]
 [ 0.432379    0.58729833 -0.58729833]
 [-0.432379    0.58729833 -0.58729833]
 [ 0.032379    0.18729833 -0.18729833]
 [-0.032379    0.18729833 -0.18729833]
 [-0.1        -0.01270167 -0.78729833]
 [ 0.1        -0.01270167 -0.78729833]
 [ 0.         -0.88729833 -0.11270167]
 [ 0.35491933 -1.37459667 -0.2       ]
 [ 0.          0.88729833 -0.88729833]
 [-0.35491933 -1.37459667 -0.2       ]
 [-0.04508067 -0.2         0.17459667]
 [ 0.04508067 -0.2         0.17459667]
 [ 0.35491933  0.2         1.37459667]
 [-0.35491933  0.2         1.37459667]
 [ 0.         -0.11270167  0.11270167]
 [ 0.04508067 -0.17459667  0.2       ]
 [ 0.          0.11270167  0.88729833]
 [-0.04508067 -0.17459667  0.2       ]] 
Gauss Point #2	(  0.7746;  -0.7746;  -0.7746): 
[[ 0.25491933  0.25491933  0.01270167]
 [ 0.05491933  0.78729833 -0.05491933]
 [ 1.65205634  1.65205634 -1.65205634]
 [ 0.78729833  0.05491933 -0.05491933]
 [ 0.05205634  0.05205634 -0.05205634]
 [-0.01270167  0.25491933 -0.25491933]
 [ 0.05491933  0.05491933 -0.78729833]
 [ 0.25491933 -0.01270167 -0.25491933]
 [-0.30983867 -0.35491933 -0.04508067]
 [ 0.35491933 -2.43935467 -0.35491933]
 [-2.43935467  0.35491933 -0.35491933]
 [-0.35491933 -0.30983867 -0.04508067]
 [-0.04508067 -0.04508067  0.03935467]
 [ 0.04508067 -0.35491933  0.30983867]
 [ 0.35491933  0.35491933  2.43935467]
 [-0.35491933  0.04508067  0.30983867]
 [-0.03935467 -0.04508067  0.04508067]
 [ 0.04508067 -0.30983867  0.35491933]
 [-0.30983867  0.04508067  0.35491933]
 [-0.04508067 -0.03935467  0.04508067]] 
Gauss Point #3	( -0.7746;   0.0000;  -0.7746): 
[[-5.87298335e-01 -4.32379001e-01 -5.87298335e-01]
 [-7.87298335e-01  1.00000000e-01  1.27016654e-02]
 [-7.87298335e-01 -1.00000000e-01  1.27016654e-02]
 [-5.87298335e-01  4.32379001e-01 -5.87298335e-01]
 [ 1.27016654e-02  1.00000000e-01 -7.87298335e-01]
 [-1.87298335e-01  3.23790008e-02 -1.87298335e-01]
 [-1.87298335e-01 -3.23790008e-02 -1.87298335e-01]
 [ 1.27016654e-02 -1.00000000e-01 -7.87298335e-01]
 [ 1.37459667e+00 -3.54919334e-01 -2.00000000e-01]
 [ 8.87298335e-01  3.38528465e-16 -1.12701665e-01]
 [ 1.37459667e+00  3.54919334e-01 -2.00000000e-01]
 [-8.87298335e-01 -3.94039616e-16 -8.87298335e-01]
 [-2.00000000e-01 -3.54919334e-01  1.37459667e+00]
 [ 2.00000000e-01 -4.50806662e-02  1.74596669e-01]
 [ 2.00000000e-01  4.50806662e-02  1.74596669e-01]
 [-2.00000000e-01  3.54919334e-01  1.37459667e+00]
 [ 1.74596669e-01 -4.50806662e-02  2.00000000e-01]
 [ 1.12701665e-01  5.00495935e-17  1.12701665e-01]
 [ 1.74596669e-01  4.50806662e-02  2.00000000e-01]
 [-1.12701665e-01  5.46155770e-18  8.87298335e-01]] 
Gauss Point #4	(  0.0000;   0.0000;  -0.7746): 
[[ 1.00000000e-01  1.00000000e-01 -1.37298335e-01]
 [-1.00000000e-01  1.00000000e-01 -1.37298335e-01]
 [-1.00000000e-01 -1.00000000e-01 -1.37298335e-01]
 [ 1.00000000e-01 -1.00000000e-01 -1.37298335e-01]
 [ 1.00000000e-01  1.00000000e-01 -6.37298335e-01]
 [-1.00000000e-01  1.00000000e-01 -6.37298335e-01]
 [-1.00000000e-01 -1.00000000e-01 -6.37298335e-01]
 [ 1.00000000e-01 -1.00000000e-01 -6.37298335e-01]
 [ 0.00000000e+00 -8.87298335e-01 -5.00000000e-01]
 [ 8.87298335e-01  3.17029089e-16 -5.00000000e-01]
 [ 0.00000000e+00  8.87298335e-01 -5.00000000e-01]
 [-8.87298335e-01 -3.72540240e-16 -5.00000000e-01]
 [-2.00000000e-01 -2.00000000e-01  7.74596669e-01]
 [ 2.00000000e-01 -2.00000000e-01  7.74596669e-01]
 [ 2.00000000e-01  2.00000000e-01  7.74596669e-01]
 [-2.00000000e-01  2.00000000e-01  7.74596669e-01]
 [ 0.00000000e+00 -1.12701665e-01  5.00000000e-01]
 [ 1.12701665e-01  7.15489700e-17  5.00000000e-01]
 [ 0.00000000e+00  1.12701665e-01  5.00000000e-01]
 [-1.12701665e-01 -1.60378187e-17  5.00000000e-01]] 
Gauss Point #5	(  0.7746;   0.0000;  -0.7746): 
[[ 7.87298335e-01  1.00000000e-01  1.27016654e-02]
 [ 5.87298335e-01 -4.32379001e-01 -5.87298335e-01]
 [ 5.87298335e-01  4.32379001e-01 -5.87298335e-01]
 [ 7.87298335e-01 -1.00000000e-01  1.27016654e-02]
 [ 1.87298335e-01  3.23790008e-02 -1.87298335e-01]
 [-1.27016654e-02  1.00000000e-01 -7.87298335e-01]
 [-1.27016654e-02 -1.00000000e-01 -7.87298335e-01]
 [ 1.87298335e-01 -3.23790008e-02 -1.87298335e-01]
 [-1.37459667e+00 -3.54919334e-01 -2.00000000e-01]
 [ 8.87298335e-01  2.95529712e-16 -8.87298335e-01]
 [-1.37459667e+00  3.54919334e-01 -2.00000000e-01]
 [-8.87298335e-01 -3.51040863e-16 -1.12701665e-01]
 [-2.00000000e-01 -4.50806662e-02  1.74596669e-01]
 [ 2.00000000e-01 -3.54919334e-01  1.37459667e+00]
 [ 2.00000000e-01  3.54919334e-01  1.37459667e+00]
 [-2.00000000e-01  4.50806662e-02  1.74596669e-01]
 [-1.74596669e-01 -4.50806662e-02  2.00000000e-01]
 [ 1.12701665e-01  9.30483464e-17  8.87298335e-01]
 [-1.74596669e-01  4.50806662e-02  2.00000000e-01]
 [-1.12701665e-01 -3.75371951e-17  1.12701665e-01]] 
Gauss Point #6	( -0.7746;   0.7746;  -0.7746): 
[[-1.65205634 -1.65205634 -1.65205634]
 [-0.78729833 -0.05491933 -0.05491933]
 [-0.25491933 -0.25491933  0.01270167]
 [-0.05491933 -0.78729833 -0.05491933]
 [-0.05491933 -0.05491933 -0.78729833]
 [-0.25491933  0.01270167 -0.25491933]
 [-0.05205634 -0.05205634 -0.05205634]
 [ 0.01270167 -0.25491933 -0.25491933]
 [ 2.43935467 -0.35491933 -0.35491933]
 [ 0.35491933  0.30983867 -0.04508067]
 [ 0.30983867  0.35491933 -0.04508067]
 [-0.35491933  2.43935467 -0.35491933]
 [-0.35491933 -0.35491933  2.43935467]
 [ 0.35491933 -0.04508067  0.30983867]
 [ 0.04508067  0.04508067  0.03935467]
 [-0.04508067  0.35491933  0.30983867]
 [ 0.30983867 -0.04508067  0.35491933]
 [ 0.04508067  0.03935467  0.04508067]
 [ 0.03935467  0.04508067  0.04508067]
 [-0.04508067  0.30983867  0.35491933]] 
Gauss Point #7	(  0.0000;   0.7746;  -0.7746): 
[[-0.432379   -0.58729833 -0.58729833]
 [ 0.432379   -0.58729833 -0.58729833]
 [-0.1        -0.78729833  0.01270167]
 [ 0.1        -0.78729833  0.01270167]
 [ 0.1         0.01270167 -0.78729833]
 [-0.1         0.01270167 -0.78729833]
 [-0.032379   -0.18729833 -0.18729833]
 [ 0.032379   -0.18729833 -0.18729833]
 [ 0.         -0.88729833 -0.88729833]
 [ 0.35491933  1.37459667 -0.2       ]
 [ 0.          0.88729833 -0.11270167]
 [-0.35491933  1.37459667 -0.2       ]
 [-0.35491933 -0.2         1.37459667]
 [ 0.35491933 -0.2         1.37459667]
 [ 0.04508067  0.2         0.17459667]
 [-0.04508067  0.2         0.17459667]
 [ 0.         -0.11270167  0.88729833]
 [ 0.04508067  0.17459667  0.2       ]
 [ 0.          0.11270167  0.11270167]
 [-0.04508067  0.17459667  0.2       ]] 
Gauss Point #8	(  0.7746;   0.7746;  -0.7746): 
[[ 0.78729833 -0.05491933 -0.05491933]
 [ 1.65205634 -1.65205634 -1.65205634]
 [ 0.05491933 -0.78729833 -0.05491933]
 [ 0.25491933 -0.25491933  0.01270167]
 [ 0.25491933  0.01270167 -0.25491933]
 [ 0.05491933 -0.05491933 -0.78729833]
 [-0.01270167 -0.25491933 -0.25491933]
 [ 0.05205634 -0.05205634 -0.05205634]
 [-2.43935467 -0.35491933 -0.35491933]
 [ 0.35491933  2.43935467 -0.35491933]
 [-0.30983867  0.35491933 -0.04508067]
 [-0.35491933  0.30983867 -0.04508067]
 [-0.35491933 -0.04508067  0.30983867]
 [ 0.35491933 -0.35491933  2.43935467]
 [ 0.04508067  0.35491933  0.30983867]
 [-0.04508067  0.04508067  0.03935467]
 [-0.30983867 -0.04508067  0.35491933]
 [ 0.04508067  0.30983867  0.35491933]
 [-0.03935467  0.04508067  0.04508067]
 [-0.04508067  0.03935467  0.04508067]] 
Gauss Point #9	( -0.7746;  -0.7746;   0.0000): 
[[ 1.27016654e-02  7.87298335e-01  1.00000000e-01]
 [-1.87298335e-01  1.87298335e-01  3.23790008e-02]
 [-7.87298335e-01 -1.27016654e-02  1.00000000e-01]
 [-5.87298335e-01  5.87298335e-01 -4.32379001e-01]
 [ 1.27016654e-02  7.87298335e-01 -1.00000000e-01]
 [-1.87298335e-01  1.87298335e-01 -3.23790008e-02]
 [-7.87298335e-01 -1.27016654e-02 -1.00000000e-01]
 [-5.87298335e-01  5.87298335e-01  4.32379001e-01]
 [ 1.74596669e-01 -2.00000000e-01 -4.50806662e-02]
 [ 2.00000000e-01 -1.74596669e-01 -4.50806662e-02]
 [ 1.37459667e+00  2.00000000e-01 -3.54919334e-01]
 [-2.00000000e-01 -1.37459667e+00 -3.54919334e-01]
 [-1.12701665e-01 -8.87298335e-01 -1.21945418e-16]
 [ 1.12701665e-01 -1.12701665e-01 -1.00099187e-16]
 [ 8.87298335e-01  1.12701665e-01 -5.66034628e-16]
 [-8.87298335e-01  8.87298335e-01  7.88079233e-16]
 [ 1.74596669e-01 -2.00000000e-01  4.50806662e-02]
 [ 2.00000000e-01 -1.74596669e-01  4.50806662e-02]
 [ 1.37459667e+00  2.00000000e-01  3.54919334e-01]
 [-2.00000000e-01 -1.37459667e+00  3.54919334e-01]] 
Gauss Point #10	(  0.0000;  -0.7746;   0.0000): 
[[ 1.00000000e-01  6.37298335e-01  1.00000000e-01]
 [-1.00000000e-01  6.37298335e-01  1.00000000e-01]
 [-1.00000000e-01  1.37298335e-01  1.00000000e-01]
 [ 1.00000000e-01  1.37298335e-01  1.00000000e-01]
 [ 1.00000000e-01  6.37298335e-01 -1.00000000e-01]
 [-1.00000000e-01  6.37298335e-01 -1.00000000e-01]
 [-1.00000000e-01  1.37298335e-01 -1.00000000e-01]
 [ 1.00000000e-01  1.37298335e-01 -1.00000000e-01]
 [ 0.00000000e+00 -5.00000000e-01 -1.12701665e-01]
 [ 2.00000000e-01 -7.74596669e-01 -2.00000000e-01]
 [ 0.00000000e+00  5.00000000e-01 -8.87298335e-01]
 [-2.00000000e-01 -7.74596669e-01 -2.00000000e-01]
 [-1.12701665e-01 -5.00000000e-01 -3.59479122e-17]
 [ 1.12701665e-01 -5.00000000e-01 -1.86096693e-16]
 [ 8.87298335e-01  5.00000000e-01 -4.80037122e-16]
 [-8.87298335e-01  5.00000000e-01  7.02081727e-16]
 [ 0.00000000e+00 -5.00000000e-01  1.12701665e-01]
 [ 2.00000000e-01 -7.74596669e-01  2.00000000e-01]
 [ 0.00000000e+00  5.00000000e-01  8.87298335e-01]
 [-2.00000000e-01 -7.74596669e-01  2.00000000e-01]] 
Gauss Point #11	(  0.7746;  -0.7746;   0.0000): 
[[ 1.87298335e-01  1.87298335e-01  3.23790008e-02]
 [-1.27016654e-02  7.87298335e-01  1.00000000e-01]
 [ 5.87298335e-01  5.87298335e-01 -4.32379001e-01]
 [ 7.87298335e-01 -1.27016654e-02  1.00000000e-01]
 [ 1.87298335e-01  1.87298335e-01 -3.23790008e-02]
 [-1.27016654e-02  7.87298335e-01 -1.00000000e-01]
 [ 5.87298335e-01  5.87298335e-01  4.32379001e-01]
 [ 7.87298335e-01 -1.27016654e-02 -1.00000000e-01]
 [-1.74596669e-01 -2.00000000e-01 -4.50806662e-02]
 [ 2.00000000e-01 -1.37459667e+00 -3.54919334e-01]
 [-1.37459667e+00  2.00000000e-01 -3.54919334e-01]
 [-2.00000000e-01 -1.74596669e-01 -4.50806662e-02]
 [-1.12701665e-01 -1.12701665e-01  5.00495935e-17]
 [ 1.12701665e-01 -8.87298335e-01 -2.72094198e-16]
 [ 8.87298335e-01  8.87298335e-01 -3.94039616e-16]
 [-8.87298335e-01  1.12701665e-01  6.16084221e-16]
 [-1.74596669e-01 -2.00000000e-01  4.50806662e-02]
 [ 2.00000000e-01 -1.37459667e+00  3.54919334e-01]
 [-1.37459667e+00  2.00000000e-01  3.54919334e-01]
 [-2.00000000e-01 -1.74596669e-01  4.50806662e-02]] 
Gauss Point #12	( -0.7746;   0.0000;   0.0000): 
[[-1.37298335e-01  1.00000000e-01  1.00000000e-01]
 [-6.37298335e-01  1.00000000e-01  1.00000000e-01]
 [-6.37298335e-01 -1.00000000e-01  1.00000000e-01]
 [-1.37298335e-01 -1.00000000e-01  1.00000000e-01]
 [-1.37298335e-01  1.00000000e-01 -1.00000000e-01]
 [-6.37298335e-01  1.00000000e-01 -1.00000000e-01]
 [-6.37298335e-01 -1.00000000e-01 -1.00000000e-01]
 [-1.37298335e-01 -1.00000000e-01 -1.00000000e-01]
 [ 7.74596669e-01 -2.00000000e-01 -2.00000000e-01]
 [ 5.00000000e-01  1.88032830e-16 -1.12701665e-01]
 [ 7.74596669e-01  2.00000000e-01 -2.00000000e-01]
 [-5.00000000e-01 -2.43543981e-16 -8.87298335e-01]
 [-5.00000000e-01 -8.87298335e-01  1.36047099e-16]
 [ 5.00000000e-01 -1.12701665e-01 -3.58091704e-16]
 [ 5.00000000e-01  1.12701665e-01 -3.08042111e-16]
 [-5.00000000e-01  8.87298335e-01  5.30086716e-16]
 [ 7.74596669e-01 -2.00000000e-01  2.00000000e-01]
 [ 5.00000000e-01  2.00545229e-16  1.12701665e-01]
 [ 7.74596669e-01  2.00000000e-01  2.00000000e-01]
 [-5.00000000e-01 -1.45034077e-16  8.87298335e-01]] 
Gauss Point #13	(  0.0000;   0.0000;   0.0000): 
[[ 2.50000000e-01  2.50000000e-01  2.50000000e-01]
 [-2.50000000e-01  2.50000000e-01  2.50000000e-01]
 [-2.50000000e-01 -2.50000000e-01  2.50000000e-01]
 [ 2.50000000e-01 -2.50000000e-01  2.50000000e-01]
 [ 2.50000000e-01  2.50000000e-01 -2.50000000e-01]
 [-2.50000000e-01  2.50000000e-01 -2.50000000e-01]
 [-2.50000000e-01 -2.50000000e-01 -2.50000000e-01]
 [ 2.50000000e-01 -2.50000000e-01 -2.50000000e-01]
 [ 0.00000000e+00 -5.00000000e-01 -5.00000000e-01]
 [ 5.00000000e-01  1.66533454e-16 -5.00000000e-01]
 [ 0.00000000e+00  5.00000000e-01 -5.00000000e-01]
 [-5.00000000e-01 -2.22044605e-16 -5.00000000e-01]
 [-5.00000000e-01 -5.00000000e-01  2.22044605e-16]
 [ 5.00000000e-01 -5.00000000e-01 -4.44089210e-16]
 [ 5.00000000e-01  5.00000000e-01 -2.22044605e-16]
 [-5.00000000e-01  5.00000000e-01  4.44089210e-16]
 [ 0.00000000e+00 -5.00000000e-01  5.00000000e-01]
 [ 5.00000000e-01  2.22044605e-16  5.00000000e-01]
 [ 0.00000000e+00  5.00000000e-01  5.00000000e-01]
 [-5.00000000e-01 -1.66533454e-16  5.00000000e-01]] 
Gauss Point #14	(  0.7746;   0.0000;   0.0000): 
[[ 6.37298335e-01  1.00000000e-01  1.00000000e-01]
 [ 1.37298335e-01  1.00000000e-01  1.00000000e-01]
 [ 1.37298335e-01 -1.00000000e-01  1.00000000e-01]
 [ 6.37298335e-01 -1.00000000e-01  1.00000000e-01]
 [ 6.37298335e-01  1.00000000e-01 -1.00000000e-01]
 [ 1.37298335e-01  1.00000000e-01 -1.00000000e-01]
 [ 1.37298335e-01 -1.00000000e-01 -1.00000000e-01]
 [ 6.37298335e-01 -1.00000000e-01 -1.00000000e-01]
 [-7.74596669e-01 -2.00000000e-01 -2.00000000e-01]
 [ 5.00000000e-01  1.45034077e-16 -8.87298335e-01]
 [-7.74596669e-01  2.00000000e-01 -2.00000000e-01]
 [-5.00000000e-01 -2.00545229e-16 -1.12701665e-01]
 [-5.00000000e-01 -1.12701665e-01  3.08042111e-16]
 [ 5.00000000e-01 -8.87298335e-01 -5.30086716e-16]
 [ 5.00000000e-01  8.87298335e-01 -1.36047099e-16]
 [-5.00000000e-01  1.12701665e-01  3.58091704e-16]
 [-7.74596669e-01 -2.00000000e-01  2.00000000e-01]
 [ 5.00000000e-01  2.43543981e-16  8.87298335e-01]
 [-7.74596669e-01  2.00000000e-01  2.00000000e-01]
 [-5.00000000e-01 -1.88032830e-16  1.12701665e-01]] 
Gauss Point #15	( -0.7746;   0.7746;   0.0000): 
[[-5.87298335e-01 -5.87298335e-01 -4.32379001e-01]
 [-7.87298335e-01  1.27016654e-02  1.00000000e-01]
 [-1.87298335e-01 -1.87298335e-01  3.23790008e-02]
 [ 1.27016654e-02 -7.87298335e-01  1.00000000e-01]
 [-5.87298335e-01 -5.87298335e-01  4.32379001e-01]
 [-7.87298335e-01  1.27016654e-02 -1.00000000e-01]
 [-1.87298335e-01 -1.87298335e-01 -3.23790008e-02]
 [ 1.27016654e-02 -7.87298335e-01 -1.00000000e-01]
 [ 1.37459667e+00 -2.00000000e-01 -3.54919334e-01]
 [ 2.00000000e-01  1.74596669e-01 -4.50806662e-02]
 [ 1.74596669e-01  2.00000000e-01 -4.50806662e-02]
 [-2.00000000e-01  1.37459667e+00 -3.54919334e-01]
 [-8.87298335e-01 -8.87298335e-01  3.94039616e-16]
 [ 8.87298335e-01 -1.12701665e-01 -6.16084221e-16]
 [ 1.12701665e-01  1.12701665e-01 -5.00495935e-17]
 [-1.12701665e-01  8.87298335e-01  2.72094198e-16]
 [ 1.37459667e+00 -2.00000000e-01  3.54919334e-01]
 [ 2.00000000e-01  1.74596669e-01  4.50806662e-02]
 [ 1.74596669e-01  2.00000000e-01  4.50806662e-02]
 [-2.00000000e-01  1.37459667e+00  3.54919334e-01]] 
Gauss Point #16	(  0.0000;   0.7746;   0.0000): 
[[ 1.00000000e-01 -1.37298335e-01  1.00000000e-01]
 [-1.00000000e-01 -1.37298335e-01  1.00000000e-01]
 [-1.00000000e-01 -6.37298335e-01  1.00000000e-01]
 [ 1.00000000e-01 -6.37298335e-01  1.00000000e-01]
 [ 1.00000000e-01 -1.37298335e-01 -1.00000000e-01]
 [-1.00000000e-01 -1.37298335e-01 -1.00000000e-01]
 [-1.00000000e-01 -6.37298335e-01 -1.00000000e-01]
 [ 1.00000000e-01 -6.37298335e-01 -1.00000000e-01]
 [ 0.00000000e+00 -5.00000000e-01 -8.87298335e-01]
 [ 2.00000000e-01  7.74596669e-01 -2.00000000e-01]
 [ 0.00000000e+00  5.00000000e-01 -1.12701665e-01]
 [-2.00000000e-01  7.74596669e-01 -2.00000000e-01]
 [-8.87298335e-01 -5.00000000e-01  4.80037122e-16]
 [ 8.87298335e-01 -5.00000000e-01 -7.02081727e-16]
 [ 1.12701665e-01  5.00000000e-01  3.59479122e-17]
 [-1.12701665e-01  5.00000000e-01  1.86096693e-16]
 [ 0.00000000e+00 -5.00000000e-01  8.87298335e-01]
 [ 2.00000000e-01  7.74596669e-01  2.00000000e-01]
 [ 0.00000000e+00  5.00000000e-01  1.12701665e-01]
 [-2.00000000e-01  7.74596669e-01  2.00000000e-01]] 
Gauss Point #17	(  0.7746;   0.7746;   0.0000): 
[[ 7.87298335e-01  1.27016654e-02  1.00000000e-01]
 [ 5.87298335e-01 -5.87298335e-01 -4.32379001e-01]
 [-1.27016654e-02 -7.87298335e-01  1.00000000e-01]
 [ 1.87298335e-01 -1.87298335e-01  3.23790008e-02]
 [ 7.87298335e-01  1.27016654e-02 -1.00000000e-01]
 [ 5.87298335e-01 -5.87298335e-01  4.32379001e-01]
 [-1.27016654e-02 -7.87298335e-01 -1.00000000e-01]
 [ 1.87298335e-01 -1.87298335e-01 -3.23790008e-02]
 [-1.37459667e+00 -2.00000000e-01 -3.54919334e-01]
 [ 2.00000000e-01  1.37459667e+00 -3.54919334e-01]
 [-1.74596669e-01  2.00000000e-01 -4.50806662e-02]
 [-2.00000000e-01  1.74596669e-01 -4.50806662e-02]
 [-8.87298335e-01 -1.12701665e-01  5.66034628e-16]
 [ 8.87298335e-01 -8.87298335e-01 -7.88079233e-16]
 [ 1.12701665e-01  8.87298335e-01  1.21945418e-16]
 [-1.12701665e-01  1.12701665e-01  1.00099187e-16]
 [-1.37459667e+00 -2.00000000e-01  3.54919334e-01]
 [ 2.00000000e-01  1.37459667e+00  3.54919334e-01]
 [-1.74596669e-01  2.00000000e-01  4.50806662e-02]
 [-2.00000000e-01  1.74596669e-01  4.50806662e-02]] 
Gauss Point #18	( -0.7746;  -0.7746;   0.7746): 
[[ 0.01270167  0.25491933  0.25491933]
 [-0.05205634  0.05205634  0.05205634]
 [-0.25491933 -0.01270167  0.25491933]
 [-0.05491933  0.05491933  0.78729833]
 [-0.05491933  0.78729833  0.05491933]
 [-0.25491933  0.25491933 -0.01270167]
 [-0.78729833  0.05491933  0.05491933]
 [-1.65205634  1.65205634  1.65205634]
 [ 0.03935467 -0.04508067 -0.04508067]
 [ 0.04508067 -0.03935467 -0.04508067]
 [ 0.30983867  0.04508067 -0.35491933]
 [-0.04508067 -0.30983867 -0.35491933]
 [-0.04508067 -0.35491933 -0.30983867]
 [ 0.04508067 -0.04508067 -0.03935467]
 [ 0.35491933  0.04508067 -0.30983867]
 [-0.35491933  0.35491933 -2.43935467]
 [ 0.30983867 -0.35491933  0.04508067]
 [ 0.35491933 -0.30983867  0.04508067]
 [ 2.43935467  0.35491933  0.35491933]
 [-0.35491933 -2.43935467  0.35491933]] 
Gauss Point #19	(  0.0000;  -0.7746;   0.7746): 
[[ 0.032379    0.18729833  0.18729833]
 [-0.032379    0.18729833  0.18729833]
 [-0.1        -0.01270167  0.78729833]
 [ 0.1        -0.01270167  0.78729833]
 [ 0.1         0.78729833 -0.01270167]
 [-0.1         0.78729833 -0.01270167]
 [ 0.432379    0.58729833  0.58729833]
 [-0.432379    0.58729833  0.58729833]
 [ 0.         -0.11270167 -0.11270167]
 [ 0.04508067 -0.17459667 -0.2       ]
 [ 0.          0.11270167 -0.88729833]
 [-0.04508067 -0.17459667 -0.2       ]
 [-0.04508067 -0.2        -0.17459667]
 [ 0.04508067 -0.2        -0.17459667]
 [ 0.35491933  0.2        -1.37459667]
 [-0.35491933  0.2        -1.37459667]
 [ 0.         -0.88729833  0.11270167]
 [ 0.35491933 -1.37459667  0.2       ]
 [ 0.          0.88729833  0.88729833]
 [-0.35491933 -1.37459667  0.2       ]] 
Gauss Point #20	(  0.7746;  -0.7746;   0.7746): 
[[ 0.05205634  0.05205634  0.05205634]
 [-0.01270167  0.25491933  0.25491933]
 [ 0.05491933  0.05491933  0.78729833]
 [ 0.25491933 -0.01270167  0.25491933]
 [ 0.25491933  0.25491933 -0.01270167]
 [ 0.05491933  0.78729833  0.05491933]
 [ 1.65205634  1.65205634  1.65205634]
 [ 0.78729833  0.05491933  0.05491933]
 [-0.03935467 -0.04508067 -0.04508067]
 [ 0.04508067 -0.30983867 -0.35491933]
 [-0.30983867  0.04508067 -0.35491933]
 [-0.04508067 -0.03935467 -0.04508067]
 [-0.04508067 -0.04508067 -0.03935467]
 [ 0.04508067 -0.35491933 -0.30983867]
 [ 0.35491933  0.35491933 -2.43935467]
 [-0.35491933  0.04508067 -0.30983867]
 [-0.30983867 -0.35491933  0.04508067]
 [ 0.35491933 -2.43935467  0.35491933]
 [-2.43935467  0.35491933  0.35491933]
 [-0.35491933 -0.30983867  0.04508067]] 
Gauss Point #21	( -0.7746;   0.0000;   0.7746): 
[[ 1.27016654e-02  1.00000000e-01  7.87298335e-01]
 [-1.87298335e-01  3.23790008e-02  1.87298335e-01]
 [-1.87298335e-01 -3.23790008e-02  1.87298335e-01]
 [ 1.27016654e-02 -1.00000000e-01  7.87298335e-01]
 [-5.87298335e-01 -4.32379001e-01  5.87298335e-01]
 [-7.87298335e-01  1.00000000e-01 -1.27016654e-02]
 [-7.87298335e-01 -1.00000000e-01 -1.27016654e-02]
 [-5.87298335e-01  4.32379001e-01  5.87298335e-01]
 [ 1.74596669e-01 -4.50806662e-02 -2.00000000e-01]
 [ 1.12701665e-01  3.75371951e-17 -1.12701665e-01]
 [ 1.74596669e-01  4.50806662e-02 -2.00000000e-01]
 [-1.12701665e-01 -9.30483464e-17 -8.87298335e-01]
 [-2.00000000e-01 -3.54919334e-01 -1.37459667e+00]
 [ 2.00000000e-01 -4.50806662e-02 -1.74596669e-01]
 [ 2.00000000e-01  4.50806662e-02 -1.74596669e-01]
 [-2.00000000e-01  3.54919334e-01 -1.37459667e+00]
 [ 1.37459667e+00 -3.54919334e-01  2.00000000e-01]
 [ 8.87298335e-01  3.51040863e-16  1.12701665e-01]
 [ 1.37459667e+00  3.54919334e-01  2.00000000e-01]
 [-8.87298335e-01 -2.95529712e-16  8.87298335e-01]] 
Gauss Point #22	(  0.0000;   0.0000;   0.7746): 
[[ 1.00000000e-01  1.00000000e-01  6.37298335e-01]
 [-1.00000000e-01  1.00000000e-01  6.37298335e-01]
 [-1.00000000e-01 -1.00000000e-01  6.37298335e-01]
 [ 1.00000000e-01 -1.00000000e-01  6.37298335e-01]
 [ 1.00000000e-01  1.00000000e-01  1.37298335e-01]
 [-1.00000000e-01  1.00000000e-01  1.37298335e-01]
 [-1.00000000e-01 -1.00000000e-01  1.37298335e-01]
 [ 1.00000000e-01 -1.00000000e-01  1.37298335e-01]
 [ 0.00000000e+00 -1.12701665e-01 -5.00000000e-01]
 [ 1.12701665e-01  1.60378187e-17 -5.00000000e-01]
 [ 0.00000000e+00  1.12701665e-01 -5.00000000e-01]
 [-1.12701665e-01 -7.15489700e-17 -5.00000000e-01]
 [-2.00000000e-01 -2.00000000e-01 -7.74596669e-01]
 [ 2.00000000e-01 -2.00000000e-01 -7.74596669e-01]
 [ 2.00000000e-01  2.00000000e-01 -7.74596669e-01]
 [-2.00000000e-01  2.00000000e-01 -7.74596669e-01]
 [ 0.00000000e+00 -8.87298335e-01  5.00000000e-01]
 [ 8.87298335e-01  3.72540240e-16  5.00000000e-01]
 [ 0.00000000e+00  8.87298335e-01  5.00000000e-01]
 [-8.87298335e-01 -3.17029089e-16  5.00000000e-01]] 
Gauss Point #23	(  0.7746;   0.0000;   0.7746): 
[[ 1.87298335e-01  3.23790008e-02  1.87298335e-01]
 [-1.27016654e-02  1.00000000e-01  7.87298335e-01]
 [-1.27016654e-02 -1.00000000e-01  7.87298335e-01]
 [ 1.87298335e-01 -3.23790008e-02  1.87298335e-01]
 [ 7.87298335e-01  1.00000000e-01 -1.27016654e-02]
 [ 5.87298335e-01 -4.32379001e-01  5.87298335e-01]
 [ 5.87298335e-01  4.32379001e-01  5.87298335e-01]
 [ 7.87298335e-01 -1.00000000e-01 -1.27016654e-02]
 [-1.74596669e-01 -4.50806662e-02 -2.00000000e-01]
 [ 1.12701665e-01 -5.46155770e-18 -8.87298335e-01]
 [-1.74596669e-01  4.50806662e-02 -2.00000000e-01]
 [-1.12701665e-01 -5.00495935e-17 -1.12701665e-01]
 [-2.00000000e-01 -4.50806662e-02 -1.74596669e-01]
 [ 2.00000000e-01 -3.54919334e-01 -1.37459667e+00]
 [ 2.00000000e-01  3.54919334e-01 -1.37459667e+00]
 [-2.00000000e-01  4.50806662e-02 -1.74596669e-01]
 [-1.37459667e+00 -3.54919334e-01  2.00000000e-01]
 [ 8.87298335e-01  3.94039616e-16  8.87298335e-01]
 [-1.37459667e+00  3.54919334e-01  2.00000000e-01]
 [-8.87298335e-01 -3.38528465e-16  1.12701665e-01]] 
Gauss Point #24	( -0.7746;   0.7746;   0.7746): 
[[-0.05491933 -0.05491933  0.78729833]
 [-0.25491933  0.01270167  0.25491933]
 [-0.05205634 -0.05205634  0.05205634]
 [ 0.01270167 -0.25491933  0.25491933]
 [-1.65205634 -1.65205634  1.65205634]
 [-0.78729833 -0.05491933  0.05491933]
 [-0.25491933 -0.25491933 -0.01270167]
 [-0.05491933 -0.78729833  0.05491933]
 [ 0.30983867 -0.04508067 -0.35491933]
 [ 0.04508067  0.03935467 -0.04508067]
 [ 0.03935467  0.04508067 -0.04508067]
 [-0.04508067  0.30983867 -0.35491933]
 [-0.35491933 -0.35491933 -2.43935467]
 [ 0.35491933 -0.04508067 -0.30983867]
 [ 0.04508067  0.04508067 -0.03935467]
 [-0.04508067  0.35491933 -0.30983867]
 [ 2.43935467 -0.35491933  0.35491933]
 [ 0.35491933  0.30983867  0.04508067]
 [ 0.30983867  0.35491933  0.04508067]
 [-0.35491933  2.43935467  0.35491933]] 
Gauss Point #25	(  0.0000;   0.7746;   0.7746): 
[[ 0.1         0.01270167  0.78729833]
 [-0.1         0.01270167  0.78729833]
 [-0.032379   -0.18729833  0.18729833]
 [ 0.032379   -0.18729833  0.18729833]
 [-0.432379   -0.58729833  0.58729833]
 [ 0.432379   -0.58729833  0.58729833]
 [-0.1        -0.78729833 -0.01270167]
 [ 0.1        -0.78729833 -0.01270167]
 [ 0.         -0.11270167 -0.88729833]
 [ 0.04508067  0.17459667 -0.2       ]
 [ 0.          0.11270167 -0.11270167]
 [-0.04508067  0.17459667 -0.2       ]
 [-0.35491933 -0.2        -1.37459667]
 [ 0.35491933 -0.2        -1.37459667]
 [ 0.04508067  0.2        -0.17459667]
 [-0.04508067  0.2        -0.17459667]
 [ 0.         -0.88729833  0.88729833]
 [ 0.35491933  1.37459667  0.2       ]
 [ 0.          0.88729833  0.11270167]
 [-0.35491933  1.37459667  0.2       ]] 
Gauss Point #26	(  0.7746;   0.7746;   0.7746): 
[[ 0.25491933  0.01270167  0.25491933]
 [ 0.05491933 -0.05491933  0.78729833]
 [-0.01270167 -0.25491933  0.25491933]
 [ 0.05205634 -0.05205634  0.05205634]
 [ 0.78729833 -0.05491933  0.05491933]
 [ 1.65205634 -1.65205634  1.65205634]
 [ 0.05491933 -0.78729833  0.05491933]
 [ 0.25491933 -0.25491933 -0.01270167]
 [-0.30983867 -0.04508067 -0.35491933]
 [ 0.04508067  0.30983867 -0.35491933]
 [-0.03935467  0.04508067 -0.04508067]
 [-0.04508067  0.03935467 -0.04508067]
 [-0.35491933 -0.04508067 -0.30983867]
 [ 0.35491933 -0.35491933 -2.43935467]
 [ 0.04508067  0.35491933 -0.30983867]
 [-0.04508067  0.04508067 -0.03935467]
 [-2.43935467 -0.35491933  0.35491933]
 [ 0.35491933  2.43935467  0.35491933]
 [-0.30983867  0.35491933  0.04508067]
 [-0.35491933  0.30983867  0.04508067]] 

MGE 
[-0.38390313 -0.22008547 -0.12962963 -0.19159544 -0.19159544 -0.12962963
 -0.04309117 -0.1207265   0.42450142  0.02920228  0.2037037   0.17165242
  0.17165242  0.02920228 -0.04843305  0.1039886   0.2037037  -0.04843305
  0.06552707  0.1039886  -0.10327635  0.0042735  -0.00356125 -0.0042735
 -0.02759972  0.00160256  0.02759972 -0.00160256  0.06054131 -0.01780627
 -0.01780627  0.08190883 -0.01602564  0.06089744 -0.09081197  0.04594017
  0.03561254 -0.03561254 -0.03561254  0.03561254 -0.10327635  0.0042735
  0.00160256 -0.02759972 -0.0042735  -0.00356125  0.02759972 -0.00160256
  0.06054131  0.06089744  0.03561254 -0.01602564  0.08190883 -0.01780627
 -0.03561254  0.03561254 -0.01780627 -0.09081197 -0.03561254  0.04594017] 
[-0.22008547 -0.38390313 -0.19159544 -0.12962963 -0.12962963 -0.19159544
 -0.1207265  -0.04309117  0.42450142  0.17165242  0.2037037   0.02920228
  0.02920228  0.17165242  0.1039886  -0.04843305  0.2037037   0.1039886
  0.06552707 -0.04843305 -0.0042735   0.10327635  0.0042735   0.00356125
 -0.00160256  0.02759972  0.00160256 -0.02759972 -0.06054131 -0.08190883
  0.01780627  0.01780627 -0.06089744  0.01602564 -0.04594017  0.09081197
 -0.03561254 -0.03561254  0.03561254  0.03561254 -0.0042735   0.10327635
  0.02759972 -0.00160256  0.00356125  0.0042735   0.00160256 -0.02759972
 -0.06054131  0.01602564 -0.03561254 -0.06089744  0.01780627 -0.08190883
 -0.03561254  0.03561254  0.01780627 -0.04594017  0.03561254  0.09081197] 
[-0.12962963 -0.19159544 -0.38390313 -0.22008547 -0.04309117 -0.1207265
 -0.19159544 -0.12962963  0.2037037   0.17165242  0.42450142  0.02920228
 -0.04843305  0.1039886   0.17165242  0.02920228  0.06552707  0.1039886
  0.2037037  -0.04843305 -0.00356125 -0.0042735  -0.10327635  0.0042735
  0.02759972 -0.00160256 -0.02759972  0.00160256 -0.01780627  0.08190883
  0.06054131 -0.01780627 -0.09081197  0.04594017 -0.01602564  0.06089744
 -0.03561254  0.03561254  0.03561254 -0.03561254 -0.00160256  0.02759972
  0.10327635 -0.0042735  -0.02759972  0.00160256  0.0042735   0.00356125
 -0.03561254  0.01602564 -0.06054131 -0.06089744  0.03561254 -0.03561254
 -0.08190883  0.01780627  0.03561254 -0.04594017  0.01780627  0.09081197] 
[-0.19159544 -0.12962963 -0.22008547 -0.38390313 -0.1207265  -0.04309117
 -0.12962963 -0.19159544  0.2037037   0.02920228  0.42450142  0.17165242
  0.1039886  -0.04843305  0.02920228  0.17165242  0.06552707 -0.04843305
  0.2037037   0.1039886   0.0042735   0.00356125 -0.0042735   0.10327635
  0.00160256 -0.02759972 -0.00160256  0.02759972  0.01780627  0.01780627
 -0.06054131 -0.08190883 -0.04594017  0.09081197 -0.06089744  0.01602564
  0.03561254  0.03561254 -0.03561254 -0.03561254 -0.02759972  0.00160256
  0.0042735  -0.10327635 -0.00160256  0.02759972 -0.00356125 -0.0042735
  0.03561254  0.06089744  0.06054131 -0.01602564  0.03561254 -0.03561254
 -0.01780627  0.08190883 -0.03561254 -0.09081197 -0.01780627  0.04594017] 
[-0.19159544 -0.12962963 -0.04309117 -0.1207265  -0.38390313 -0.22008547
 -0.12962963 -0.19159544  0.2037037  -0.04843305  0.06552707  0.1039886
  0.17165242  0.02920228 -0.04843305  0.1039886   0.42450142  0.02920228
  0.2037037   0.17165242 -0.02759972  0.00160256  0.02759972 -0.00160256
 -0.10327635  0.0042735  -0.00356125 -0.0042735   0.03561254 -0.03561254
 -0.03561254  0.03561254 -0.01602564  0.06089744 -0.09081197  0.04594017
  0.06054131 -0.01780627 -0.01780627  0.08190883  0.0042735   0.00356125
 -0.02759972  0.00160256  0.10327635 -0.0042735  -0.00160256  0.02759972
  0.01780627  0.09081197  0.03561254 -0.04594017 -0.08190883  0.01780627
  0.03561254 -0.03561254 -0.06054131 -0.06089744 -0.03561254  0.01602564] 
[-0.12962963 -0.19159544 -0.1207265  -0.04309117 -0.22008547 -0.38390313
 -0.19159544 -0.12962963  0.2037037   0.1039886   0.06552707 -0.04843305
  0.02920228  0.17165242  0.1039886  -0.04843305  0.42450142  0.17165242
  0.2037037   0.02920228 -0.00160256  0.02759972  0.00160256 -0.02759972
 -0.0042735   0.10327635  0.0042735   0.00356125 -0.03561254 -0.03561254
  0.03561254  0.03561254 -0.06089744  0.01602564 -0.04594017  0.09081197
 -0.06054131 -0.08190883  0.01780627  0.01780627 -0.00356125 -0.0042735
 -0.00160256  0.02759972  0.0042735  -0.10327635 -0.02759972  0.00160256
 -0.01780627  0.04594017 -0.03561254 -0.09081197 -0.01780627  0.08190883
  0.03561254 -0.03561254  0.06054131 -0.01602564  0.03561254  0.06089744] 
[-0.04309117 -0.1207265  -0.19159544 -0.12962963 -0.12962963 -0.19159544
 -0.38390313 -0.22008547  0.06552707  0.1039886   0.2037037  -0.04843305
 -0.04843305  0.1039886   0.17165242  0.02920228  0.2037037   0.17165242
  0.42450142  0.02920228  0.02759972 -0.00160256 -0.02759972  0.00160256
 -0.00356125 -0.0042735  -0.10327635  0.0042735  -0.03561254  0.03561254
  0.03561254 -0.03561254 -0.09081197  0.04594017 -0.01602564  0.06089744
 -0.01780627  0.08190883  0.06054131 -0.01780627  0.02759972 -0.00160256
 -0.0042735  -0.00356125  0.00160256 -0.02759972 -0.10327635  0.0042735
 -0.03561254  0.04594017 -0.01780627 -0.09081197 -0.03561254  0.03561254
  0.08190883 -0.01780627  0.03561254 -0.01602564  0.06054131  0.06089744] 
[-0.1207265  -0.04309117 -0.12962963 -0.19159544 -0.19159544 -0.12962963
 -0.22008547 -0.38390313  0.06552707 -0.04843305  0.2037037   0.1039886
  0.1039886  -0.04843305  0.02920228  0.17165242  0.2037037   0.02920228
  0.42450142  0.17165242  0.00160256 -0.02759972 -0.00160256  0.02759972
  0.0042735   0.00356125 -0.0042735   0.10327635  0.03561254  0.03561254
 -0.03561254 -0.03561254 -0.04594017  0.09081197 -0.06089744  0.01602564
  0.01780627  0.01780627 -0.06054131 -0.08190883  0.00160256 -0.02759972
  0.00356125  0.0042735   0.02759972 -0.00160256 -0.0042735   0.10327635
  0.03561254  0.09081197  0.01780627 -0.04594017 -0.03561254  0.03561254
  0.01780627 -0.08190883 -0.03561254 -0.06089744 -0.06054131  0.01602564] 
[ 4.24501425e-01  4.24501425e-01  2.03703704e-01  2.03703704e-01
  2.03703704e-01  2.03703704e-01  6.55270655e-02  6.55270655e-02
 -9.34472934e-01 -4.27350427e-02 -3.64672365e-01 -4.27350427e-02
 -4.27350427e-02 -4.27350427e-02  4.27350427e-02  4.27350427e-02
 -3.64672365e-01  4.27350427e-02 -1.31054131e-01  4.27350427e-02
  8.19088319e-02 -8.19088319e-02 -1.78062678e-02  1.78062678e-02
  3.56125356e-02 -3.56125356e-02 -3.56125356e-02  3.56125356e-02
 -2.31943137e-16  1.42450142e-01 -1.01814615e-16 -1.42450142e-01
  2.13675214e-02 -2.13675214e-02  1.06837607e-01 -1.06837607e-01
 -1.10970100e-16  7.12250712e-02 -5.16133775e-17 -7.12250712e-02
  8.19088319e-02 -8.19088319e-02 -3.56125356e-02  3.56125356e-02
  1.78062678e-02 -1.78062678e-02 -3.56125356e-02  3.56125356e-02
  3.70633509e-16 -2.13675214e-02  1.86630011e-16  2.13675214e-02
 -1.42450142e-01  1.42450142e-01  7.12250712e-02 -7.12250712e-02
  1.94743457e-16  1.06837607e-01  9.32306787e-17 -1.06837607e-01] 
[ 2.92022792e-02  1.71652422e-01  1.71652422e-01  2.92022792e-02
 -4.84330484e-02  1.03988604e-01  1.03988604e-01 -4.84330484e-02
 -4.27350427e-02 -5.35612536e-01 -4.27350427e-02  9.11680912e-02
  1.49572650e-01 -1.49572650e-01 -1.49572650e-01  1.49572650e-01
  4.27350427e-02 -1.65242165e-01  4.27350427e-02  9.68660969e-02
 -1.78062678e-02 -6.05413105e-02  6.05413105e-02  1.78062678e-02
 -3.56125356e-02 -3.56125356e-02  3.56125356e-02  3.56125356e-02
  1.42450142e-01 -7.31956933e-17 -1.42450142e-01  7.59363155e-17
  1.06837607e-01  2.13675214e-02 -2.13675214e-02 -1.06837607e-01
  7.12250712e-02 -5.04997279e-17 -7.12250712e-02  2.97553263e-17
  4.59401709e-02  1.60256410e-02  1.60256410e-02  4.59401709e-02
  9.08119658e-02  6.08974359e-02  6.08974359e-02  9.08119658e-02
  2.13675214e-02  1.28205128e-01  2.13675214e-02  2.56410256e-02
 -1.06837607e-01 -2.13675214e-02 -2.13675214e-02 -1.06837607e-01
 -1.06837607e-01 -2.56410256e-02 -1.06837607e-01 -1.28205128e-01] 
[ 2.03703704e-01  2.03703704e-01  4.24501425e-01  4.24501425e-01
  6.55270655e-02  6.55270655e-02  2.03703704e-01  2.03703704e-01
 -3.64672365e-01 -4.27350427e-02 -9.34472934e-01 -4.27350427e-02
  4.27350427e-02  4.27350427e-02 -4.27350427e-02 -4.27350427e-02
 -1.31054131e-01  4.27350427e-02 -3.64672365e-01  4.27350427e-02
 -1.78062678e-02  1.78062678e-02  8.19088319e-02 -8.19088319e-02
 -3.56125356e-02  3.56125356e-02  3.56125356e-02 -3.56125356e-02
 -1.02657883e-16 -1.42450142e-01 -2.38351139e-16  1.42450142e-01
  1.06837607e-01 -1.06837607e-01  2.13675214e-02 -2.13675214e-02
 -5.22558677e-17 -7.12250712e-02 -1.15197150e-16  7.12250712e-02
  3.56125356e-02 -3.56125356e-02 -8.19088319e-02  8.19088319e-02
  3.56125356e-02 -3.56125356e-02 -1.78062678e-02  1.78062678e-02
  1.88228205e-16 -2.13675214e-02  3.93685019e-16  2.13675214e-02
 -7.12250712e-02  7.12250712e-02  1.42450142e-01 -1.42450142e-01
  9.35358615e-17  1.06837607e-01  1.79167086e-16 -1.06837607e-01] 
[ 1.71652422e-01  2.92022792e-02  2.92022792e-02  1.71652422e-01
  1.03988604e-01 -4.84330484e-02 -4.84330484e-02  1.03988604e-01
 -4.27350427e-02  9.11680912e-02 -4.27350427e-02 -5.35612536e-01
 -1.49572650e-01  1.49572650e-01  1.49572650e-01 -1.49572650e-01
  4.27350427e-02  9.68660969e-02  4.27350427e-02 -1.65242165e-01
  6.05413105e-02  1.78062678e-02 -1.78062678e-02 -6.05413105e-02
  3.56125356e-02  3.56125356e-02 -3.56125356e-02 -3.56125356e-02
 -1.42450142e-01  6.65368850e-17  1.42450142e-01 -7.92431321e-17
 -2.13675214e-02 -1.06837607e-01  1.06837607e-01  2.13675214e-02
 -7.12250712e-02  4.26211921e-17  7.12250712e-02 -2.92975520e-17
 -1.60256410e-02 -4.59401709e-02 -4.59401709e-02 -1.60256410e-02
 -6.08974359e-02 -9.08119658e-02 -9.08119658e-02 -6.08974359e-02
 -2.13675214e-02 -2.56410256e-02 -2.13675214e-02 -1.28205128e-01
  2.13675214e-02  1.06837607e-01  1.06837607e-01  2.13675214e-02
  1.06837607e-01  1.28205128e-01  1.06837607e-01  2.56410256e-02] 
[ 1.71652422e-01  2.92022792e-02 -4.84330484e-02  1.03988604e-01
  1.71652422e-01  2.92022792e-02 -4.84330484e-02  1.03988604e-01
 -4.27350427e-02  1.49572650e-01  4.27350427e-02 -1.49572650e-01
 -5.35612536e-01  9.11680912e-02  9.68660969e-02 -1.65242165e-01
 -4.27350427e-02  1.49572650e-01  4.27350427e-02 -1.49572650e-01
 -1.60256410e-02 -4.59401709e-02 -9.08119658e-02 -6.08974359e-02
 -1.60256410e-02 -4.59401709e-02 -9.08119658e-02 -6.08974359e-02
 -2.13675214e-02  1.06837607e-01  1.06837607e-01  2.13675214e-02
 -1.28205128e-01 -2.56410256e-02  1.28205128e-01  2.56410256e-02
 -2.13675214e-02  1.06837607e-01  1.06837607e-01  2.13675214e-02
  6.05413105e-02  1.78062678e-02  3.56125356e-02  3.56125356e-02
 -6.05413105e-02 -1.78062678e-02 -3.56125356e-02 -3.56125356e-02
 -1.42450142e-01 -1.06837607e-01 -7.12250712e-02 -2.13675214e-02
  6.93889390e-17 -1.14491749e-16 -3.20923843e-17  7.28583860e-17
  1.42450142e-01  1.06837607e-01  7.12250712e-02  2.13675214e-02] 
[ 2.92022792e-02  1.71652422e-01  1.03988604e-01 -4.84330484e-02
  2.92022792e-02  1.71652422e-01  1.03988604e-01 -4.84330484e-02
 -4.27350427e-02 -1.49572650e-01  4.27350427e-02  1.49572650e-01
  9.11680912e-02 -5.35612536e-01 -1.65242165e-01  9.68660969e-02
 -4.27350427e-02 -1.49572650e-01  4.27350427e-02  1.49572650e-01
  4.59401709e-02  1.60256410e-02  6.08974359e-02  9.08119658e-02
  4.59401709e-02  1.60256410e-02  6.08974359e-02  9.08119658e-02
  2.13675214e-02 -2.13675214e-02 -1.06837607e-01 -1.06837607e-01
  2.56410256e-02  1.28205128e-01 -2.56410256e-02 -1.28205128e-01
  2.13675214e-02 -2.13675214e-02 -1.06837607e-01 -1.06837607e-01
 -1.78062678e-02 -6.05413105e-02 -3.56125356e-02 -3.56125356e-02
  1.78062678e-02  6.05413105e-02  3.56125356e-02  3.56125356e-02
  1.42450142e-01  2.13675214e-02  7.12250712e-02  1.06837607e-01
 -9.71445147e-17  1.52655666e-16  5.55111512e-17 -8.50014503e-17
 -1.42450142e-01 -2.13675214e-02 -7.12250712e-02 -1.06837607e-01] 
[-4.84330484e-02  1.03988604e-01  1.71652422e-01  2.92022792e-02
 -4.84330484e-02  1.03988604e-01  1.71652422e-01  2.92022792e-02
  4.27350427e-02 -1.49572650e-01 -4.27350427e-02  1.49572650e-01
  9.68660969e-02 -1.65242165e-01 -5.35612536e-01  9.11680912e-02
  4.27350427e-02 -1.49572650e-01 -4.27350427e-02  1.49572650e-01
 -9.08119658e-02 -6.08974359e-02 -1.60256410e-02 -4.59401709e-02
 -9.08119658e-02 -6.08974359e-02 -1.60256410e-02 -4.59401709e-02
  1.06837607e-01  2.13675214e-02 -2.13675214e-02  1.06837607e-01
  1.28205128e-01  2.56410256e-02 -1.28205128e-01 -2.56410256e-02
  1.06837607e-01  2.13675214e-02 -2.13675214e-02  1.06837607e-01
 -3.56125356e-02 -3.56125356e-02 -6.05413105e-02 -1.78062678e-02
  3.56125356e-02  3.56125356e-02  6.05413105e-02  1.78062678e-02
  7.12250712e-02  2.13675214e-02  1.42450142e-01  1.06837607e-01
 -3.46944695e-17  6.59194921e-17  7.63278329e-17 -1.28369537e-16
 -7.12250712e-02 -2.13675214e-02 -1.42450142e-01 -1.06837607e-01] 
[ 1.03988604e-01 -4.84330484e-02  2.92022792e-02  1.71652422e-01
  1.03988604e-01 -4.84330484e-02  2.92022792e-02  1.71652422e-01
  4.27350427e-02  1.49572650e-01 -4.27350427e-02 -1.49572650e-01
 -1.65242165e-01  9.68660969e-02  9.11680912e-02 -5.35612536e-01
  4.27350427e-02  1.49572650e-01 -4.27350427e-02 -1.49572650e-01
  6.08974359e-02  9.08119658e-02  4.59401709e-02  1.60256410e-02
  6.08974359e-02  9.08119658e-02  4.59401709e-02  1.60256410e-02
 -1.06837607e-01 -1.06837607e-01  2.13675214e-02 -2.13675214e-02
 -2.56410256e-02 -1.28205128e-01  2.56410256e-02  1.28205128e-01
 -1.06837607e-01 -1.06837607e-01  2.13675214e-02 -2.13675214e-02
  3.56125356e-02  3.56125356e-02  1.78062678e-02  6.05413105e-02
 -3.56125356e-02 -3.56125356e-02 -1.78062678e-02 -6.05413105e-02
 -7.12250712e-02 -1.06837607e-01 -1.42450142e-01 -2.13675214e-02
  6.24500451e-17 -8.41340886e-17 -1.09287579e-16  1.80411242e-16
  7.12250712e-02  1.06837607e-01  1.42450142e-01  2.13675214e-02] 
[ 2.03703704e-01  2.03703704e-01  6.55270655e-02  6.55270655e-02
  4.24501425e-01  4.24501425e-01  2.03703704e-01  2.03703704e-01
 -3.64672365e-01  4.27350427e-02 -1.31054131e-01  4.27350427e-02
 -4.27350427e-02 -4.27350427e-02  4.27350427e-02  4.27350427e-02
 -9.34472934e-01 -4.27350427e-02 -3.64672365e-01 -4.27350427e-02
  3.56125356e-02 -3.56125356e-02 -3.56125356e-02  3.56125356e-02
  8.19088319e-02 -8.19088319e-02 -1.78062678e-02  1.78062678e-02
 -1.11953913e-16  7.12250712e-02 -5.31660621e-17 -7.12250712e-02
  2.13675214e-02 -2.13675214e-02  1.06837607e-01 -1.06837607e-01
 -2.21091076e-16  1.42450142e-01 -1.14634302e-16 -1.42450142e-01
 -1.78062678e-02  1.78062678e-02  3.56125356e-02 -3.56125356e-02
 -8.19088319e-02  8.19088319e-02  3.56125356e-02 -3.56125356e-02
  1.93902866e-16 -1.06837607e-01  9.19617606e-17  1.06837607e-01
  1.42450142e-01 -1.42450142e-01 -7.12250712e-02  7.12250712e-02
  3.66065972e-16  2.13675214e-02  1.97781231e-16 -2.13675214e-02] 
[-4.84330484e-02  1.03988604e-01  1.03988604e-01 -4.84330484e-02
  2.92022792e-02  1.71652422e-01  1.71652422e-01  2.92022792e-02
  4.27350427e-02 -1.65242165e-01  4.27350427e-02  9.68660969e-02
  1.49572650e-01 -1.49572650e-01 -1.49572650e-01  1.49572650e-01
 -4.27350427e-02 -5.35612536e-01 -4.27350427e-02  9.11680912e-02
 -3.56125356e-02 -3.56125356e-02  3.56125356e-02  3.56125356e-02
 -1.78062678e-02 -6.05413105e-02  6.05413105e-02  1.78062678e-02
  7.12250712e-02 -4.95359926e-17 -7.12250712e-02  4.10069355e-17
  1.06837607e-01  2.13675214e-02 -2.13675214e-02 -1.06837607e-01
  1.42450142e-01 -1.10564528e-16 -1.42450142e-01  4.85541873e-17
 -9.08119658e-02 -6.08974359e-02 -6.08974359e-02 -9.08119658e-02
 -4.59401709e-02 -1.60256410e-02 -1.60256410e-02 -4.59401709e-02
  1.06837607e-01  2.56410256e-02  1.06837607e-01  1.28205128e-01
  1.06837607e-01  2.13675214e-02  2.13675214e-02  1.06837607e-01
 -2.13675214e-02 -1.28205128e-01 -2.13675214e-02 -2.56410256e-02] 
[ 6.55270655e-02  6.55270655e-02  2.03703704e-01  2.03703704e-01
  2.03703704e-01  2.03703704e-01  4.24501425e-01  4.24501425e-01
 -1.31054131e-01  4.27350427e-02 -3.64672365e-01  4.27350427e-02
  4.27350427e-02  4.27350427e-02 -4.27350427e-02 -4.27350427e-02
 -3.64672365e-01 -4.27350427e-02 -9.34472934e-01 -4.27350427e-02
 -3.56125356e-02  3.56125356e-02  3.56125356e-02 -3.56125356e-02
 -1.78062678e-02  1.78062678e-02  8.19088319e-02 -8.19088319e-02
 -5.04890197e-17 -7.12250712e-02 -1.14146411e-16  7.12250712e-02
  1.06837607e-01 -1.06837607e-01  2.13675214e-02 -2.13675214e-02
 -1.18342006e-16 -1.42450142e-01 -2.17834956e-16  1.42450142e-01
 -3.56125356e-02  3.56125356e-02  1.78062678e-02 -1.78062678e-02
 -3.56125356e-02  3.56125356e-02  8.19088319e-02 -8.19088319e-02
  9.15494960e-17 -1.06837607e-01  1.82860735e-16  1.06837607e-01
  7.12250712e-02 -7.12250712e-02 -1.42450142e-01  1.42450142e-01
  1.96644827e-16  2.13675214e-02  3.74663963e-16 -2.13675214e-02] 
[ 1.03988604e-01 -4.84330484e-02 -4.84330484e-02  1.03988604e-01
  1.71652422e-01  2.92022792e-02  2.92022792e-02  1.71652422e-01
  4.27350427e-02  9.68660969e-02  4.27350427e-02 -1.65242165e-01
 -1.49572650e-01  1.49572650e-01  1.49572650e-01 -1.49572650e-01
 -4.27350427e-02  9.11680912e-02 -4.27350427e-02 -5.35612536e-01
  3.56125356e-02  3.56125356e-02 -3.56125356e-02 -3.56125356e-02
  6.05413105e-02  1.78062678e-02 -1.78062678e-02 -6.05413105e-02
 -7.12250712e-02  3.13695829e-17  7.12250712e-02 -3.02612873e-17
 -2.13675214e-02 -1.06837607e-01  1.06837607e-01  2.13675214e-02
 -1.42450142e-01  6.25072669e-17  1.42450142e-01 -1.13961695e-17
  6.08974359e-02  9.08119658e-02  9.08119658e-02  6.08974359e-02
  1.60256410e-02  4.59401709e-02  4.59401709e-02  1.60256410e-02
 -1.06837607e-01 -1.28205128e-01 -1.06837607e-01 -2.56410256e-02
 -2.13675214e-02 -1.06837607e-01 -1.06837607e-01 -2.13675214e-02
  2.13675214e-02  2.56410256e-02  2.13675214e-02  1.28205128e-01] 
[-0.10327635  0.0042735  -0.00356125 -0.0042735  -0.02759972  0.00160256
  0.02759972 -0.00160256  0.06054131 -0.01780627 -0.01780627  0.08190883
 -0.01602564  0.06089744 -0.09081197  0.04594017  0.03561254 -0.03561254
 -0.03561254  0.03561254 -0.38390313 -0.19159544 -0.12962963 -0.22008547
 -0.19159544 -0.1207265  -0.04309117 -0.12962963  0.17165242  0.2037037
  0.02920228  0.42450142  0.17165242  0.1039886  -0.04843305  0.02920228
  0.1039886   0.06552707 -0.04843305  0.2037037  -0.10327635 -0.02759972
  0.00160256  0.0042735  -0.0042735  -0.00160256  0.02759972 -0.00356125
 -0.01602564  0.03561254  0.06089744  0.06054131  0.08190883  0.03561254
 -0.03561254 -0.01780627  0.04594017 -0.03561254 -0.09081197 -0.01780627] 
[-0.0042735   0.10327635  0.0042735   0.00356125 -0.00160256  0.02759972
  0.00160256 -0.02759972 -0.06054131 -0.08190883  0.01780627  0.01780627
 -0.06089744  0.01602564 -0.04594017  0.09081197 -0.03561254 -0.03561254
  0.03561254  0.03561254 -0.19159544 -0.38390313 -0.22008547 -0.12962963
 -0.1207265  -0.19159544 -0.12962963 -0.04309117  0.17165242  0.42450142
  0.02920228  0.2037037   0.1039886   0.17165242  0.02920228 -0.04843305
  0.1039886   0.2037037  -0.04843305  0.06552707 -0.02759972 -0.10327635
  0.0042735   0.00160256 -0.00160256 -0.0042735  -0.00356125  0.02759972
 -0.01602564  0.06054131  0.06089744  0.03561254  0.03561254  0.08190883
 -0.01780627 -0.03561254  0.04594017 -0.01780627 -0.09081197 -0.03561254] 
[-0.00356125 -0.0042735  -0.10327635  0.0042735   0.02759972 -0.00160256
 -0.02759972  0.00160256 -0.01780627  0.08190883  0.06054131 -0.01780627
 -0.09081197  0.04594017 -0.01602564  0.06089744 -0.03561254  0.03561254
  0.03561254 -0.03561254 -0.12962963 -0.22008547 -0.38390313 -0.19159544
 -0.04309117 -0.12962963 -0.19159544 -0.1207265   0.02920228  0.42450142
  0.17165242  0.2037037  -0.04843305  0.02920228  0.17165242  0.1039886
 -0.04843305  0.2037037   0.1039886   0.06552707 -0.00160256 -0.0042735
  0.10327635  0.02759972 -0.02759972  0.00356125  0.0042735   0.00160256
 -0.06089744 -0.06054131  0.01602564 -0.03561254  0.03561254  0.01780627
 -0.08190883 -0.03561254  0.09081197  0.01780627 -0.04594017  0.03561254] 
[ 0.0042735   0.00356125 -0.0042735   0.10327635  0.00160256 -0.02759972
 -0.00160256  0.02759972  0.01780627  0.01780627 -0.06054131 -0.08190883
 -0.04594017  0.09081197 -0.06089744  0.01602564  0.03561254  0.03561254
 -0.03561254 -0.03561254 -0.22008547 -0.12962963 -0.19159544 -0.38390313
 -0.12962963 -0.04309117 -0.1207265  -0.19159544  0.02920228  0.2037037
  0.17165242  0.42450142  0.02920228 -0.04843305  0.1039886   0.17165242
 -0.04843305  0.06552707  0.1039886   0.2037037  -0.0042735  -0.00160256
  0.02759972  0.10327635  0.00356125 -0.02759972  0.00160256  0.0042735
 -0.06089744 -0.03561254  0.01602564 -0.06054131  0.01780627  0.03561254
 -0.03561254 -0.08190883  0.09081197  0.03561254 -0.04594017  0.01780627] 
[-0.02759972  0.00160256  0.02759972 -0.00160256 -0.10327635  0.0042735
 -0.00356125 -0.0042735   0.03561254 -0.03561254 -0.03561254  0.03561254
 -0.01602564  0.06089744 -0.09081197  0.04594017  0.06054131 -0.01780627
 -0.01780627  0.08190883 -0.19159544 -0.1207265  -0.04309117 -0.12962963
 -0.38390313 -0.19159544 -0.12962963 -0.22008547  0.1039886   0.06552707
 -0.04843305  0.2037037   0.17165242  0.1039886  -0.04843305  0.02920228
  0.17165242  0.2037037   0.02920228  0.42450142  0.0042735   0.00160256
 -0.02759972  0.00356125  0.10327635  0.02759972 -0.00160256 -0.0042735
 -0.04594017  0.03561254  0.09081197  0.01780627 -0.08190883 -0.03561254
  0.03561254  0.01780627  0.01602564 -0.03561254 -0.06089744 -0.06054131] 
[-0.00160256  0.02759972  0.00160256 -0.02759972 -0.0042735   0.10327635
  0.0042735   0.00356125 -0.03561254 -0.03561254  0.03561254  0.03561254
 -0.06089744  0.01602564 -0.04594017  0.09081197 -0.06054131 -0.08190883
  0.01780627  0.01780627 -0.1207265  -0.19159544 -0.12962963 -0.04309117
 -0.19159544 -0.38390313 -0.22008547 -0.12962963  0.1039886   0.2037037
 -0.04843305  0.06552707  0.1039886   0.17165242  0.02920228 -0.04843305
  0.17165242  0.42450142  0.02920228  0.2037037   0.00160256  0.0042735
  0.00356125 -0.02759972  0.02759972  0.10327635 -0.0042735  -0.00160256
 -0.04594017  0.01780627  0.09081197  0.03561254 -0.03561254 -0.08190883
  0.01780627  0.03561254  0.01602564 -0.06054131 -0.06089744 -0.03561254] 
[ 0.02759972 -0.00160256 -0.02759972  0.00160256 -0.00356125 -0.0042735
 -0.10327635  0.0042735  -0.03561254  0.03561254  0.03561254 -0.03561254
 -0.09081197  0.04594017 -0.01602564  0.06089744 -0.01780627  0.08190883
  0.06054131 -0.01780627 -0.04309117 -0.12962963 -0.19159544 -0.1207265
 -0.12962963 -0.22008547 -0.38390313 -0.19159544 -0.04843305  0.2037037
  0.1039886   0.06552707 -0.04843305  0.02920228  0.17165242  0.1039886
  0.02920228  0.42450142  0.17165242  0.2037037   0.02759972 -0.00356125
 -0.0042735  -0.00160256  0.00160256  0.0042735  -0.10327635 -0.02759972
 -0.09081197 -0.01780627  0.04594017 -0.03561254 -0.03561254 -0.01780627
  0.08190883  0.03561254  0.06089744  0.06054131 -0.01602564  0.03561254] 
[ 0.00160256 -0.02759972 -0.00160256  0.02759972  0.0042735   0.00356125
 -0.0042735   0.10327635  0.03561254  0.03561254 -0.03561254 -0.03561254
 -0.04594017  0.09081197 -0.06089744  0.01602564  0.01780627  0.01780627
 -0.06054131 -0.08190883 -0.12962963 -0.04309117 -0.1207265  -0.19159544
 -0.22008547 -0.12962963 -0.19159544 -0.38390313 -0.04843305  0.06552707
  0.1039886   0.2037037   0.02920228 -0.04843305  0.1039886   0.17165242
  0.02920228  0.2037037   0.17165242  0.42450142 -0.00356125  0.02759972
 -0.00160256 -0.0042735   0.0042735   0.00160256 -0.02759972 -0.10327635
 -0.09081197 -0.03561254  0.04594017 -0.01780627 -0.01780627 -0.03561254
  0.03561254  0.08190883  0.06089744  0.03561254 -0.01602564  0.06054131] 
[ 8.19088319e-02 -8.19088319e-02 -1.78062678e-02  1.78062678e-02
  3.56125356e-02 -3.56125356e-02 -3.56125356e-02  3.56125356e-02
 -2.31943137e-16  1.42450142e-01 -1.01814615e-16 -1.42450142e-01
  2.13675214e-02 -2.13675214e-02  1.06837607e-01 -1.06837607e-01
 -1.10970100e-16  7.12250712e-02 -5.16133775e-17 -7.12250712e-02
  1.71652422e-01  1.71652422e-01  2.92022792e-02  2.92022792e-02
  1.03988604e-01  1.03988604e-01 -4.84330484e-02 -4.84330484e-02
 -5.35612536e-01 -4.27350427e-02  9.11680912e-02 -4.27350427e-02
 -1.49572650e-01 -1.49572650e-01  1.49572650e-01  1.49572650e-01
 -1.65242165e-01  4.27350427e-02  9.68660969e-02  4.27350427e-02
 -1.60256410e-02 -1.60256410e-02 -4.59401709e-02 -4.59401709e-02
 -6.08974359e-02 -6.08974359e-02 -9.08119658e-02 -9.08119658e-02
 -1.28205128e-01 -2.13675214e-02 -2.56410256e-02 -2.13675214e-02
  2.13675214e-02  2.13675214e-02  1.06837607e-01  1.06837607e-01
  2.56410256e-02  1.06837607e-01  1.28205128e-01  1.06837607e-01] 
[-1.78062678e-02 -6.05413105e-02  6.05413105e-02  1.78062678e-02
 -3.56125356e-02 -3.56125356e-02  3.56125356e-02  3.56125356e-02
  1.42450142e-01 -7.31956933e-17 -1.42450142e-01  7.59363155e-17
  1.06837607e-01  2.13675214e-02 -2.13675214e-02 -1.06837607e-01
  7.12250712e-02 -5.04997279e-17 -7.12250712e-02  2.97553263e-17
  2.03703704e-01  4.24501425e-01  4.24501425e-01  2.03703704e-01
  6.55270655e-02  2.03703704e-01  2.03703704e-01  6.55270655e-02
 -4.27350427e-02 -9.34472934e-01 -4.27350427e-02 -3.64672365e-01
  4.27350427e-02 -4.27350427e-02 -4.27350427e-02  4.27350427e-02
  4.27350427e-02 -3.64672365e-01  4.27350427e-02 -1.31054131e-01
  3.56125356e-02  8.19088319e-02 -8.19088319e-02 -3.56125356e-02
  3.56125356e-02  1.78062678e-02 -1.78062678e-02 -3.56125356e-02
  2.13675214e-02 -5.32945601e-17 -2.13675214e-02 -5.92697188e-17
 -7.12250712e-02 -1.42450142e-01  1.42450142e-01  7.12250712e-02
 -1.06837607e-01 -5.93660923e-17  1.06837607e-01 -7.22801448e-17] 
[-1.78062678e-02  1.78062678e-02  8.19088319e-02 -8.19088319e-02
 -3.56125356e-02  3.56125356e-02  3.56125356e-02 -3.56125356e-02
 -1.02657883e-16 -1.42450142e-01 -2.38351139e-16  1.42450142e-01
  1.06837607e-01 -1.06837607e-01  2.13675214e-02 -2.13675214e-02
 -5.22558677e-17 -7.12250712e-02 -1.15197150e-16  7.12250712e-02
  2.92022792e-02  2.92022792e-02  1.71652422e-01  1.71652422e-01
 -4.84330484e-02 -4.84330484e-02  1.03988604e-01  1.03988604e-01
  9.11680912e-02 -4.27350427e-02 -5.35612536e-01 -4.27350427e-02
  1.49572650e-01  1.49572650e-01 -1.49572650e-01 -1.49572650e-01
  9.68660969e-02  4.27350427e-02 -1.65242165e-01  4.27350427e-02
  4.59401709e-02  4.59401709e-02  1.60256410e-02  1.60256410e-02
  9.08119658e-02  9.08119658e-02  6.08974359e-02  6.08974359e-02
  2.56410256e-02  2.13675214e-02  1.28205128e-01  2.13675214e-02
 -1.06837607e-01 -1.06837607e-01 -2.13675214e-02 -2.13675214e-02
 -1.28205128e-01 -1.06837607e-01 -2.56410256e-02 -1.06837607e-01] 
[ 6.05413105e-02  1.78062678e-02 -1.78062678e-02 -6.05413105e-02
  3.56125356e-02  3.56125356e-02 -3.56125356e-02 -3.56125356e-02
 -1.42450142e-01  6.65368850e-17  1.42450142e-01 -7.92431321e-17
 -2.13675214e-02 -1.06837607e-01  1.06837607e-01  2.13675214e-02
 -7.12250712e-02  4.26211921e-17  7.12250712e-02 -2.92975520e-17
  4.24501425e-01  2.03703704e-01  2.03703704e-01  4.24501425e-01
  2.03703704e-01  6.55270655e-02  6.55270655e-02  2.03703704e-01
 -4.27350427e-02 -3.64672365e-01 -4.27350427e-02 -9.34472934e-01
 -4.27350427e-02  4.27350427e-02  4.27350427e-02 -4.27350427e-02
  4.27350427e-02 -1.31054131e-01  4.27350427e-02 -3.64672365e-01
  8.19088319e-02  3.56125356e-02 -3.56125356e-02 -8.19088319e-02
  1.78062678e-02  3.56125356e-02 -3.56125356e-02 -1.78062678e-02
  2.13675214e-02 -8.29294195e-17 -2.13675214e-02 -1.87928377e-16
 -1.42450142e-01 -7.12250712e-02  7.12250712e-02  1.42450142e-01
 -1.06837607e-01  2.94902991e-17  1.06837607e-01 -2.46716228e-17] 
[-1.60256410e-02 -4.59401709e-02 -9.08119658e-02 -6.08974359e-02
 -1.60256410e-02 -4.59401709e-02 -9.08119658e-02 -6.08974359e-02
 -2.13675214e-02  1.06837607e-01  1.06837607e-01  2.13675214e-02
 -1.28205128e-01 -2.56410256e-02  1.28205128e-01  2.56410256e-02
 -2.13675214e-02  1.06837607e-01  1.06837607e-01  2.13675214e-02
  1.71652422e-01  1.03988604e-01 -4.84330484e-02  2.92022792e-02
  1.71652422e-01  1.03988604e-01 -4.84330484e-02  2.92022792e-02
 -1.49572650e-01  4.27350427e-02  1.49572650e-01 -4.27350427e-02
 -5.35612536e-01 -1.65242165e-01  9.68660969e-02  9.11680912e-02
 -1.49572650e-01  4.27350427e-02  1.49572650e-01 -4.27350427e-02
  6.05413105e-02  3.56125356e-02  3.56125356e-02  1.78062678e-02
 -6.05413105e-02 -3.56125356e-02 -3.56125356e-02 -1.78062678e-02
 -2.13675214e-02 -7.12250712e-02 -1.06837607e-01 -1.42450142e-01
  3.46944695e-17 -5.55111512e-17 -7.02563008e-17  6.24500451e-17
  2.13675214e-02  7.12250712e-02  1.06837607e-01  1.42450142e-01] 
[ 4.59401709e-02  1.60256410e-02  6.08974359e-02  9.08119658e-02
  4.59401709e-02  1.60256410e-02  6.08974359e-02  9.08119658e-02
  2.13675214e-02 -2.13675214e-02 -1.06837607e-01 -1.06837607e-01
  2.56410256e-02  1.28205128e-01 -2.56410256e-02 -1.28205128e-01
  2.13675214e-02 -2.13675214e-02 -1.06837607e-01 -1.06837607e-01
  1.03988604e-01  1.71652422e-01  2.92022792e-02 -4.84330484e-02
  1.03988604e-01  1.71652422e-01  2.92022792e-02 -4.84330484e-02
 -1.49572650e-01 -4.27350427e-02  1.49572650e-01  4.27350427e-02
 -1.65242165e-01 -5.35612536e-01  9.11680912e-02  9.68660969e-02
 -1.49572650e-01 -4.27350427e-02  1.49572650e-01  4.27350427e-02
  3.56125356e-02  6.05413105e-02  1.78062678e-02  3.56125356e-02
 -3.56125356e-02 -6.05413105e-02 -1.78062678e-02 -3.56125356e-02
 -2.13675214e-02 -1.42450142e-01 -1.06837607e-01 -7.12250712e-02
 -1.73472348e-17 -1.45716772e-16  8.67361738e-18  1.03216047e-16
  2.13675214e-02  1.42450142e-01  1.06837607e-01  7.12250712e-02] 
[-9.08119658e-02 -6.08974359e-02 -1.60256410e-02 -4.59401709e-02
 -9.08119658e-02 -6.08974359e-02 -1.60256410e-02 -4.59401709e-02
  1.06837607e-01  2.13675214e-02 -2.13675214e-02  1.06837607e-01
  1.28205128e-01  2.56410256e-02 -1.28205128e-01 -2.56410256e-02
  1.06837607e-01  2.13675214e-02 -2.13675214e-02  1.06837607e-01
 -4.84330484e-02  2.92022792e-02  1.71652422e-01  1.03988604e-01
 -4.84330484e-02  2.92022792e-02  1.71652422e-01  1.03988604e-01
  1.49572650e-01 -4.27350427e-02 -1.49572650e-01  4.27350427e-02
  9.68660969e-02  9.11680912e-02 -5.35612536e-01 -1.65242165e-01
  1.49572650e-01 -4.27350427e-02 -1.49572650e-01  4.27350427e-02
 -3.56125356e-02 -1.78062678e-02 -6.05413105e-02 -3.56125356e-02
  3.56125356e-02  1.78062678e-02  6.05413105e-02  3.56125356e-02
  1.06837607e-01  1.42450142e-01  2.13675214e-02  7.12250712e-02
 -6.85215773e-17  4.51028104e-17  2.08166817e-17 -6.24500451e-17
 -1.06837607e-01 -1.42450142e-01 -2.13675214e-02 -7.12250712e-02] 
[ 6.08974359e-02  9.08119658e-02  4.59401709e-02  1.60256410e-02
  6.08974359e-02  9.08119658e-02  4.59401709e-02  1.60256410e-02
 -1.06837607e-01 -1.06837607e-01  2.13675214e-02 -2.13675214e-02
 -2.56410256e-02 -1.28205128e-01  2.56410256e-02  1.28205128e-01
 -1.06837607e-01 -1.06837607e-01  2.13675214e-02 -2.13675214e-02
  2.92022792e-02 -4.84330484e-02  1.03988604e-01  1.71652422e-01
  2.92022792e-02 -4.84330484e-02  1.03988604e-01  1.71652422e-01
  1.49572650e-01  4.27350427e-02 -1.49572650e-01 -4.27350427e-02
  9.11680912e-02  9.68660969e-02 -1.65242165e-01 -5.35612536e-01
  1.49572650e-01  4.27350427e-02 -1.49572650e-01 -4.27350427e-02
 -1.78062678e-02 -3.56125356e-02 -3.56125356e-02 -6.05413105e-02
  1.78062678e-02  3.56125356e-02  3.56125356e-02  6.05413105e-02
  1.06837607e-01  7.12250712e-02  2.13675214e-02  1.42450142e-01
  2.08166817e-17  1.01481323e-16 -2.42861287e-17 -1.80411242e-16
 -1.06837607e-01 -7.12250712e-02 -2.13675214e-02 -1.42450142e-01] 
[ 3.56125356e-02 -3.56125356e-02 -3.56125356e-02  3.56125356e-02
  8.19088319e-02 -8.19088319e-02 -1.78062678e-02  1.78062678e-02
 -1.11953913e-16  7.12250712e-02 -5.31660621e-17 -7.12250712e-02
  2.13675214e-02 -2.13675214e-02  1.06837607e-01 -1.06837607e-01
 -2.21091076e-16  1.42450142e-01 -1.14634302e-16 -1.42450142e-01
  1.03988604e-01  1.03988604e-01 -4.84330484e-02 -4.84330484e-02
  1.71652422e-01  1.71652422e-01  2.92022792e-02  2.92022792e-02
 -1.65242165e-01  4.27350427e-02  9.68660969e-02  4.27350427e-02
 -1.49572650e-01 -1.49572650e-01  1.49572650e-01  1.49572650e-01
 -5.35612536e-01 -4.27350427e-02  9.11680912e-02 -4.27350427e-02
  6.08974359e-02  6.08974359e-02  9.08119658e-02  9.08119658e-02
  1.60256410e-02  1.60256410e-02  4.59401709e-02  4.59401709e-02
 -2.56410256e-02 -1.06837607e-01 -1.28205128e-01 -1.06837607e-01
 -2.13675214e-02 -2.13675214e-02 -1.06837607e-01 -1.06837607e-01
  1.28205128e-01  2.13675214e-02  2.56410256e-02  2.13675214e-02] 
[-3.56125356e-02 -3.56125356e-02  3.56125356e-02  3.56125356e-02
 -1.78062678e-02 -6.05413105e-02  6.05413105e-02  1.78062678e-02
  7.12250712e-02 -4.95359926e-17 -7.12250712e-02  4.10069355e-17
  1.06837607e-01  2.13675214e-02 -2.13675214e-02 -1.06837607e-01
  1.42450142e-01 -1.10564528e-16 -1.42450142e-01  4.85541873e-17
  6.55270655e-02  2.03703704e-01  2.03703704e-01  6.55270655e-02
  2.03703704e-01  4.24501425e-01  4.24501425e-01  2.03703704e-01
  4.27350427e-02 -3.64672365e-01  4.27350427e-02 -1.31054131e-01
  4.27350427e-02 -4.27350427e-02 -4.27350427e-02  4.27350427e-02
 -4.27350427e-02 -9.34472934e-01 -4.27350427e-02 -3.64672365e-01
 -3.56125356e-02 -1.78062678e-02  1.78062678e-02  3.56125356e-02
 -3.56125356e-02 -8.19088319e-02  8.19088319e-02  3.56125356e-02
  1.06837607e-01 -3.04540344e-17 -1.06837607e-01  3.33452401e-17
  7.12250712e-02  1.42450142e-01 -1.42450142e-01 -7.12250712e-02
 -2.13675214e-02 -2.16165820e-16  2.13675214e-02 -9.03501810e-17] 
[-3.56125356e-02  3.56125356e-02  3.56125356e-02 -3.56125356e-02
 -1.78062678e-02  1.78062678e-02  8.19088319e-02 -8.19088319e-02
 -5.04890197e-17 -7.12250712e-02 -1.14146411e-16  7.12250712e-02
  1.06837607e-01 -1.06837607e-01  2.13675214e-02 -2.13675214e-02
 -1.18342006e-16 -1.42450142e-01 -2.17834956e-16  1.42450142e-01
 -4.84330484e-02 -4.84330484e-02  1.03988604e-01  1.03988604e-01
  2.92022792e-02  2.92022792e-02  1.71652422e-01  1.71652422e-01
  9.68660969e-02  4.27350427e-02 -1.65242165e-01  4.27350427e-02
  1.49572650e-01  1.49572650e-01 -1.49572650e-01 -1.49572650e-01
  9.11680912e-02 -4.27350427e-02 -5.35612536e-01 -4.27350427e-02
 -9.08119658e-02 -9.08119658e-02 -6.08974359e-02 -6.08974359e-02
 -4.59401709e-02 -4.59401709e-02 -1.60256410e-02 -1.60256410e-02
  1.28205128e-01  1.06837607e-01  2.56410256e-02  1.06837607e-01
  1.06837607e-01  1.06837607e-01  2.13675214e-02  2.13675214e-02
 -2.56410256e-02 -2.13675214e-02 -1.28205128e-01 -2.13675214e-02] 
[ 3.56125356e-02  3.56125356e-02 -3.56125356e-02 -3.56125356e-02
  6.05413105e-02  1.78062678e-02 -1.78062678e-02 -6.05413105e-02
 -7.12250712e-02  3.13695829e-17  7.12250712e-02 -3.02612873e-17
 -2.13675214e-02 -1.06837607e-01  1.06837607e-01  2.13675214e-02
 -1.42450142e-01  6.25072669e-17  1.42450142e-01 -1.13961695e-17
  2.03703704e-01  6.55270655e-02  6.55270655e-02  2.03703704e-01
  4.24501425e-01  2.03703704e-01  2.03703704e-01  4.24501425e-01
  4.27350427e-02 -1.31054131e-01  4.27350427e-02 -3.64672365e-01
 -4.27350427e-02  4.27350427e-02  4.27350427e-02 -4.27350427e-02
 -4.27350427e-02 -3.64672365e-01 -4.27350427e-02 -9.34472934e-01
 -1.78062678e-02 -3.56125356e-02  3.56125356e-02  1.78062678e-02
 -8.19088319e-02 -3.56125356e-02  3.56125356e-02  8.19088319e-02
  1.06837607e-01 -6.86179508e-17 -1.06837607e-01 -3.66219400e-17
  1.42450142e-01  7.12250712e-02 -7.12250712e-02 -1.42450142e-01
 -2.13675214e-02 -6.79915229e-17  2.13675214e-02 -1.17768449e-16] 
[-0.10327635  0.0042735   0.00160256 -0.02759972 -0.0042735  -0.00356125
  0.02759972 -0.00160256  0.06054131  0.06089744  0.03561254 -0.01602564
  0.08190883 -0.01780627 -0.03561254  0.03561254 -0.01780627 -0.09081197
 -0.03561254  0.04594017 -0.10327635 -0.02759972  0.00160256  0.0042735
 -0.0042735  -0.00160256  0.02759972 -0.00356125 -0.01602564  0.03561254
  0.06089744  0.06054131  0.08190883  0.03561254 -0.03561254 -0.01780627
  0.04594017 -0.03561254 -0.09081197 -0.01780627 -0.38390313 -0.19159544
 -0.1207265  -0.19159544 -0.22008547 -0.12962963 -0.04309117 -0.12962963
  0.17165242  0.1039886   0.1039886   0.17165242  0.42450142  0.2037037
  0.06552707  0.2037037   0.02920228 -0.04843305 -0.04843305  0.02920228] 
[-0.0042735   0.10327635  0.02759972 -0.00160256  0.00356125  0.0042735
  0.00160256 -0.02759972 -0.06054131  0.01602564 -0.03561254 -0.06089744
  0.01780627 -0.08190883 -0.03561254  0.03561254  0.01780627 -0.04594017
  0.03561254  0.09081197 -0.02759972 -0.10327635  0.0042735   0.00160256
 -0.00160256 -0.0042735  -0.00356125  0.02759972 -0.01602564  0.06054131
  0.06089744  0.03561254  0.03561254  0.08190883 -0.01780627 -0.03561254
  0.04594017 -0.01780627 -0.09081197 -0.03561254 -0.19159544 -0.38390313
 -0.19159544 -0.1207265  -0.12962963 -0.22008547 -0.12962963 -0.04309117
  0.17165242  0.17165242  0.1039886   0.1039886   0.2037037   0.42450142
  0.2037037   0.06552707  0.02920228  0.02920228 -0.04843305 -0.04843305] 
[-0.00160256  0.02759972  0.10327635 -0.0042735  -0.02759972  0.00160256
  0.0042735   0.00356125 -0.03561254  0.01602564 -0.06054131 -0.06089744
  0.03561254 -0.03561254 -0.08190883  0.01780627  0.03561254 -0.04594017
  0.01780627  0.09081197 -0.00160256 -0.0042735   0.10327635  0.02759972
 -0.02759972  0.00356125  0.0042735   0.00160256 -0.06089744 -0.06054131
  0.01602564 -0.03561254  0.03561254  0.01780627 -0.08190883 -0.03561254
  0.09081197  0.01780627 -0.04594017  0.03561254 -0.1207265  -0.19159544
 -0.38390313 -0.19159544 -0.04309117 -0.12962963 -0.22008547 -0.12962963
  0.1039886   0.17165242  0.17165242  0.1039886   0.06552707  0.2037037
  0.42450142  0.2037037  -0.04843305  0.02920228  0.02920228 -0.04843305] 
[-0.02759972  0.00160256  0.0042735  -0.10327635 -0.00160256  0.02759972
 -0.00356125 -0.0042735   0.03561254  0.06089744  0.06054131 -0.01602564
  0.03561254 -0.03561254 -0.01780627  0.08190883 -0.03561254 -0.09081197
 -0.01780627  0.04594017 -0.0042735  -0.00160256  0.02759972  0.10327635
  0.00356125 -0.02759972  0.00160256  0.0042735  -0.06089744 -0.03561254
  0.01602564 -0.06054131  0.01780627  0.03561254 -0.03561254 -0.08190883
  0.09081197  0.03561254 -0.04594017  0.01780627 -0.19159544 -0.1207265
 -0.19159544 -0.38390313 -0.12962963 -0.04309117 -0.12962963 -0.22008547
  0.1039886   0.1039886   0.17165242  0.17165242  0.2037037   0.06552707
  0.2037037   0.42450142 -0.04843305 -0.04843305  0.02920228  0.02920228] 
[ 0.0042735   0.00356125 -0.02759972  0.00160256  0.10327635 -0.0042735
 -0.00160256  0.02759972  0.01780627  0.09081197  0.03561254 -0.04594017
 -0.08190883  0.01780627  0.03561254 -0.03561254 -0.06054131 -0.06089744
 -0.03561254  0.01602564  0.0042735   0.00160256 -0.02759972  0.00356125
  0.10327635  0.02759972 -0.00160256 -0.0042735  -0.04594017  0.03561254
  0.09081197  0.01780627 -0.08190883 -0.03561254  0.03561254  0.01780627
  0.01602564 -0.03561254 -0.06089744 -0.06054131 -0.22008547 -0.12962963
 -0.04309117 -0.12962963 -0.38390313 -0.19159544 -0.1207265  -0.19159544
  0.02920228 -0.04843305 -0.04843305  0.02920228  0.42450142  0.2037037
  0.06552707  0.2037037   0.17165242  0.1039886   0.1039886   0.17165242] 
[-0.00356125 -0.0042735  -0.00160256  0.02759972  0.0042735  -0.10327635
 -0.02759972  0.00160256 -0.01780627  0.04594017 -0.03561254 -0.09081197
 -0.01780627  0.08190883  0.03561254 -0.03561254  0.06054131 -0.01602564
  0.03561254  0.06089744  0.00160256  0.0042735   0.00356125 -0.02759972
  0.02759972  0.10327635 -0.0042735  -0.00160256 -0.04594017  0.01780627
  0.09081197  0.03561254 -0.03561254 -0.08190883  0.01780627  0.03561254
  0.01602564 -0.06054131 -0.06089744 -0.03561254 -0.12962963 -0.22008547
 -0.12962963 -0.04309117 -0.19159544 -0.38390313 -0.19159544 -0.1207265
  0.02920228  0.02920228 -0.04843305 -0.04843305  0.2037037   0.42450142
  0.2037037   0.06552707  0.17165242  0.17165242  0.1039886   0.1039886 ] 
[ 0.02759972 -0.00160256 -0.0042735  -0.00356125  0.00160256 -0.02759972
 -0.10327635  0.0042735  -0.03561254  0.04594017 -0.01780627 -0.09081197
 -0.03561254  0.03561254  0.08190883 -0.01780627  0.03561254 -0.01602564
  0.06054131  0.06089744  0.02759972 -0.00356125 -0.0042735  -0.00160256
  0.00160256  0.0042735  -0.10327635 -0.02759972 -0.09081197 -0.01780627
  0.04594017 -0.03561254 -0.03561254 -0.01780627  0.08190883  0.03561254
  0.06089744  0.06054131 -0.01602564  0.03561254 -0.04309117 -0.12962963
 -0.22008547 -0.12962963 -0.1207265  -0.19159544 -0.38390313 -0.19159544
 -0.04843305  0.02920228  0.02920228 -0.04843305  0.06552707  0.2037037
  0.42450142  0.2037037   0.1039886   0.17165242  0.17165242  0.1039886 ] 
[ 0.00160256 -0.02759972  0.00356125  0.0042735   0.02759972 -0.00160256
 -0.0042735   0.10327635  0.03561254  0.09081197  0.01780627 -0.04594017
 -0.03561254  0.03561254  0.01780627 -0.08190883 -0.03561254 -0.06089744
 -0.06054131  0.01602564 -0.00356125  0.02759972 -0.00160256 -0.0042735
  0.0042735   0.00160256 -0.02759972 -0.10327635 -0.09081197 -0.03561254
  0.04594017 -0.01780627 -0.01780627 -0.03561254  0.03561254  0.08190883
  0.06089744  0.03561254 -0.01602564  0.06054131 -0.12962963 -0.04309117
 -0.12962963 -0.22008547 -0.19159544 -0.1207265  -0.19159544 -0.38390313
 -0.04843305 -0.04843305  0.02920228  0.02920228  0.2037037   0.06552707
  0.2037037   0.42450142  0.1039886   0.1039886   0.17165242  0.17165242] 
[ 8.19088319e-02 -8.19088319e-02 -3.56125356e-02  3.56125356e-02
  1.78062678e-02 -1.78062678e-02 -3.56125356e-02  3.56125356e-02
  3.70633509e-16 -2.13675214e-02  1.86630011e-16  2.13675214e-02
 -1.42450142e-01  1.42450142e-01  7.12250712e-02 -7.12250712e-02
  1.94743457e-16  1.06837607e-01  9.32306787e-17 -1.06837607e-01
 -1.60256410e-02 -1.60256410e-02 -4.59401709e-02 -4.59401709e-02
 -6.08974359e-02 -6.08974359e-02 -9.08119658e-02 -9.08119658e-02
 -1.28205128e-01 -2.13675214e-02 -2.56410256e-02 -2.13675214e-02
  2.13675214e-02  2.13675214e-02  1.06837607e-01  1.06837607e-01
  2.56410256e-02  1.06837607e-01  1.28205128e-01  1.06837607e-01
  1.71652422e-01  1.71652422e-01  1.03988604e-01  1.03988604e-01
  2.92022792e-02  2.92022792e-02 -4.84330484e-02 -4.84330484e-02
 -5.35612536e-01 -1.49572650e-01 -1.65242165e-01 -1.49572650e-01
 -4.27350427e-02 -4.27350427e-02  4.27350427e-02  4.27350427e-02
  9.11680912e-02  1.49572650e-01  9.68660969e-02  1.49572650e-01] 
[ 4.59401709e-02  1.60256410e-02  1.60256410e-02  4.59401709e-02
  9.08119658e-02  6.08974359e-02  6.08974359e-02  9.08119658e-02
  2.13675214e-02  1.28205128e-01  2.13675214e-02  2.56410256e-02
 -1.06837607e-01 -2.13675214e-02 -2.13675214e-02 -1.06837607e-01
 -1.06837607e-01 -2.56410256e-02 -1.06837607e-01 -1.28205128e-01
  3.56125356e-02  8.19088319e-02 -8.19088319e-02 -3.56125356e-02
  3.56125356e-02  1.78062678e-02 -1.78062678e-02 -3.56125356e-02
  2.13675214e-02 -5.32945601e-17 -2.13675214e-02 -5.92697188e-17
 -7.12250712e-02 -1.42450142e-01  1.42450142e-01  7.12250712e-02
 -1.06837607e-01 -5.93660923e-17  1.06837607e-01 -7.22801448e-17
  1.03988604e-01  1.71652422e-01  1.71652422e-01  1.03988604e-01
 -4.84330484e-02  2.92022792e-02  2.92022792e-02 -4.84330484e-02
 -1.49572650e-01 -5.35612536e-01 -1.49572650e-01 -1.65242165e-01
  4.27350427e-02 -4.27350427e-02 -4.27350427e-02  4.27350427e-02
  1.49572650e-01  9.11680912e-02  1.49572650e-01  9.68660969e-02] 
[ 3.56125356e-02 -3.56125356e-02 -8.19088319e-02  8.19088319e-02
  3.56125356e-02 -3.56125356e-02 -1.78062678e-02  1.78062678e-02
  1.88228205e-16 -2.13675214e-02  3.93685019e-16  2.13675214e-02
 -7.12250712e-02  7.12250712e-02  1.42450142e-01 -1.42450142e-01
  9.35358615e-17  1.06837607e-01  1.79167086e-16 -1.06837607e-01
  4.59401709e-02  4.59401709e-02  1.60256410e-02  1.60256410e-02
  9.08119658e-02  9.08119658e-02  6.08974359e-02  6.08974359e-02
  2.56410256e-02  2.13675214e-02  1.28205128e-01  2.13675214e-02
 -1.06837607e-01 -1.06837607e-01 -2.13675214e-02 -2.13675214e-02
 -1.28205128e-01 -1.06837607e-01 -2.56410256e-02 -1.06837607e-01
  1.03988604e-01  1.03988604e-01  1.71652422e-01  1.71652422e-01
 -4.84330484e-02 -4.84330484e-02  2.92022792e-02  2.92022792e-02
 -1.65242165e-01 -1.49572650e-01 -5.35612536e-01 -1.49572650e-01
  4.27350427e-02  4.27350427e-02 -4.27350427e-02 -4.27350427e-02
  9.68660969e-02  1.49572650e-01  9.11680912e-02  1.49572650e-01] 
[-1.60256410e-02 -4.59401709e-02 -4.59401709e-02 -1.60256410e-02
 -6.08974359e-02 -9.08119658e-02 -9.08119658e-02 -6.08974359e-02
 -2.13675214e-02 -2.56410256e-02 -2.13675214e-02 -1.28205128e-01
  2.13675214e-02  1.06837607e-01  1.06837607e-01  2.13675214e-02
  1.06837607e-01  1.28205128e-01  1.06837607e-01  2.56410256e-02
  8.19088319e-02  3.56125356e-02 -3.56125356e-02 -8.19088319e-02
  1.78062678e-02  3.56125356e-02 -3.56125356e-02 -1.78062678e-02
  2.13675214e-02 -8.29294195e-17 -2.13675214e-02 -1.87928377e-16
 -1.42450142e-01 -7.12250712e-02  7.12250712e-02  1.42450142e-01
 -1.06837607e-01  2.94902991e-17  1.06837607e-01 -2.46716228e-17
  1.71652422e-01  1.03988604e-01  1.03988604e-01  1.71652422e-01
  2.92022792e-02 -4.84330484e-02 -4.84330484e-02  2.92022792e-02
 -1.49572650e-01 -1.65242165e-01 -1.49572650e-01 -5.35612536e-01
 -4.27350427e-02  4.27350427e-02  4.27350427e-02 -4.27350427e-02
  1.49572650e-01  9.68660969e-02  1.49572650e-01  9.11680912e-02] 
[ 6.05413105e-02  1.78062678e-02  3.56125356e-02  3.56125356e-02
 -6.05413105e-02 -1.78062678e-02 -3.56125356e-02 -3.56125356e-02
 -1.42450142e-01 -1.06837607e-01 -7.12250712e-02 -2.13675214e-02
  6.93889390e-17 -1.14491749e-16 -3.20923843e-17  7.28583860e-17
  1.42450142e-01  1.06837607e-01  7.12250712e-02  2.13675214e-02
  6.05413105e-02  3.56125356e-02  3.56125356e-02  1.78062678e-02
 -6.05413105e-02 -3.56125356e-02 -3.56125356e-02 -1.78062678e-02
 -2.13675214e-02 -7.12250712e-02 -1.06837607e-01 -1.42450142e-01
  3.46944695e-17 -5.55111512e-17 -7.02563008e-17  6.24500451e-17
  2.13675214e-02  7.12250712e-02  1.06837607e-01  1.42450142e-01
  4.24501425e-01  2.03703704e-01  6.55270655e-02  2.03703704e-01
  4.24501425e-01  2.03703704e-01  6.55270655e-02  2.03703704e-01
 -4.27350427e-02  4.27350427e-02  4.27350427e-02 -4.27350427e-02
 -9.34472934e-01 -3.64672365e-01 -1.31054131e-01 -3.64672365e-01
 -4.27350427e-02  4.27350427e-02  4.27350427e-02 -4.27350427e-02] 
[-1.78062678e-02 -6.05413105e-02 -3.56125356e-02 -3.56125356e-02
  1.78062678e-02  6.05413105e-02  3.56125356e-02  3.56125356e-02
  1.42450142e-01  2.13675214e-02  7.12250712e-02  1.06837607e-01
 -9.71445147e-17  1.52655666e-16  5.55111512e-17 -8.50014503e-17
 -1.42450142e-01 -2.13675214e-02 -7.12250712e-02 -1.06837607e-01
  3.56125356e-02  6.05413105e-02  1.78062678e-02  3.56125356e-02
 -3.56125356e-02 -6.05413105e-02 -1.78062678e-02 -3.56125356e-02
 -2.13675214e-02 -1.42450142e-01 -1.06837607e-01 -7.12250712e-02
 -1.73472348e-17 -1.45716772e-16  8.67361738e-18  1.03216047e-16
  2.13675214e-02  1.42450142e-01  1.06837607e-01  7.12250712e-02
  2.03703704e-01  4.24501425e-01  2.03703704e-01  6.55270655e-02
  2.03703704e-01  4.24501425e-01  2.03703704e-01  6.55270655e-02
 -4.27350427e-02 -4.27350427e-02  4.27350427e-02  4.27350427e-02
 -3.64672365e-01 -9.34472934e-01 -3.64672365e-01 -1.31054131e-01
 -4.27350427e-02 -4.27350427e-02  4.27350427e-02  4.27350427e-02] 
[-3.56125356e-02 -3.56125356e-02 -6.05413105e-02 -1.78062678e-02
  3.56125356e-02  3.56125356e-02  6.05413105e-02  1.78062678e-02
  7.12250712e-02  2.13675214e-02  1.42450142e-01  1.06837607e-01
 -3.46944695e-17  6.59194921e-17  7.63278329e-17 -1.28369537e-16
 -7.12250712e-02 -2.13675214e-02 -1.42450142e-01 -1.06837607e-01
 -3.56125356e-02 -1.78062678e-02 -6.05413105e-02 -3.56125356e-02
  3.56125356e-02  1.78062678e-02  6.05413105e-02  3.56125356e-02
  1.06837607e-01  1.42450142e-01  2.13675214e-02  7.12250712e-02
 -6.85215773e-17  4.51028104e-17  2.08166817e-17 -6.24500451e-17
 -1.06837607e-01 -1.42450142e-01 -2.13675214e-02 -7.12250712e-02
  6.55270655e-02  2.03703704e-01  4.24501425e-01  2.03703704e-01
  6.55270655e-02  2.03703704e-01  4.24501425e-01  2.03703704e-01
  4.27350427e-02 -4.27350427e-02 -4.27350427e-02  4.27350427e-02
 -1.31054131e-01 -3.64672365e-01 -9.34472934e-01 -3.64672365e-01
  4.27350427e-02 -4.27350427e-02 -4.27350427e-02  4.27350427e-02] 
[ 3.56125356e-02  3.56125356e-02  1.78062678e-02  6.05413105e-02
 -3.56125356e-02 -3.56125356e-02 -1.78062678e-02 -6.05413105e-02
 -7.12250712e-02 -1.06837607e-01 -1.42450142e-01 -2.13675214e-02
  6.24500451e-17 -8.41340886e-17 -1.09287579e-16  1.80411242e-16
  7.12250712e-02  1.06837607e-01  1.42450142e-01  2.13675214e-02
 -1.78062678e-02 -3.56125356e-02 -3.56125356e-02 -6.05413105e-02
  1.78062678e-02  3.56125356e-02  3.56125356e-02  6.05413105e-02
  1.06837607e-01  7.12250712e-02  2.13675214e-02  1.42450142e-01
  2.08166817e-17  1.01481323e-16 -2.42861287e-17 -1.80411242e-16
 -1.06837607e-01 -7.12250712e-02 -2.13675214e-02 -1.42450142e-01
  2.03703704e-01  6.55270655e-02  2.03703704e-01  4.24501425e-01
  2.03703704e-01  6.55270655e-02  2.03703704e-01  4.24501425e-01
  4.27350427e-02  4.27350427e-02 -4.27350427e-02 -4.27350427e-02
 -3.64672365e-01 -1.31054131e-01 -3.64672365e-01 -9.34472934e-01
  4.27350427e-02  4.27350427e-02 -4.27350427e-02 -4.27350427e-02] 
[-1.78062678e-02  1.78062678e-02  3.56125356e-02 -3.56125356e-02
 -8.19088319e-02  8.19088319e-02  3.56125356e-02 -3.56125356e-02
  1.93902866e-16 -1.06837607e-01  9.19617606e-17  1.06837607e-01
  1.42450142e-01 -1.42450142e-01 -7.12250712e-02  7.12250712e-02
  3.66065972e-16  2.13675214e-02  1.97781231e-16 -2.13675214e-02
  6.08974359e-02  6.08974359e-02  9.08119658e-02  9.08119658e-02
  1.60256410e-02  1.60256410e-02  4.59401709e-02  4.59401709e-02
 -2.56410256e-02 -1.06837607e-01 -1.28205128e-01 -1.06837607e-01
 -2.13675214e-02 -2.13675214e-02 -1.06837607e-01 -1.06837607e-01
  1.28205128e-01  2.13675214e-02  2.56410256e-02  2.13675214e-02
  2.92022792e-02  2.92022792e-02 -4.84330484e-02 -4.84330484e-02
  1.71652422e-01  1.71652422e-01  1.03988604e-01  1.03988604e-01
  9.11680912e-02  1.49572650e-01  9.68660969e-02  1.49572650e-01
 -4.27350427e-02 -4.27350427e-02  4.27350427e-02  4.27350427e-02
 -5.35612536e-01 -1.49572650e-01 -1.65242165e-01 -1.49572650e-01] 
[-9.08119658e-02 -6.08974359e-02 -6.08974359e-02 -9.08119658e-02
 -4.59401709e-02 -1.60256410e-02 -1.60256410e-02 -4.59401709e-02
  1.06837607e-01  2.56410256e-02  1.06837607e-01  1.28205128e-01
  1.06837607e-01  2.13675214e-02  2.13675214e-02  1.06837607e-01
 -2.13675214e-02 -1.28205128e-01 -2.13675214e-02 -2.56410256e-02
 -3.56125356e-02 -1.78062678e-02  1.78062678e-02  3.56125356e-02
 -3.56125356e-02 -8.19088319e-02  8.19088319e-02  3.56125356e-02
  1.06837607e-01 -3.04540344e-17 -1.06837607e-01  3.33452401e-17
  7.12250712e-02  1.42450142e-01 -1.42450142e-01 -7.12250712e-02
 -2.13675214e-02 -2.16165820e-16  2.13675214e-02 -9.03501810e-17
 -4.84330484e-02  2.92022792e-02  2.92022792e-02 -4.84330484e-02
  1.03988604e-01  1.71652422e-01  1.71652422e-01  1.03988604e-01
  1.49572650e-01  9.11680912e-02  1.49572650e-01  9.68660969e-02
  4.27350427e-02 -4.27350427e-02 -4.27350427e-02  4.27350427e-02
 -1.49572650e-01 -5.35612536e-01 -1.49572650e-01 -1.65242165e-01] 
[-3.56125356e-02  3.56125356e-02  1.78062678e-02 -1.78062678e-02
 -3.56125356e-02  3.56125356e-02  8.19088319e-02 -8.19088319e-02
  9.15494960e-17 -1.06837607e-01  1.82860735e-16  1.06837607e-01
  7.12250712e-02 -7.12250712e-02 -1.42450142e-01  1.42450142e-01
  1.96644827e-16  2.13675214e-02  3.74663963e-16 -2.13675214e-02
 -9.08119658e-02 -9.08119658e-02 -6.08974359e-02 -6.08974359e-02
 -4.59401709e-02 -4.59401709e-02 -1.60256410e-02 -1.60256410e-02
  1.28205128e-01  1.06837607e-01  2.56410256e-02  1.06837607e-01
  1.06837607e-01  1.06837607e-01  2.13675214e-02  2.13675214e-02
 -2.56410256e-02 -2.13675214e-02 -1.28205128e-01 -2.13675214e-02
 -4.84330484e-02 -4.84330484e-02  2.92022792e-02  2.92022792e-02
  1.03988604e-01  1.03988604e-01  1.71652422e-01  1.71652422e-01
  9.68660969e-02  1.49572650e-01  9.11680912e-02  1.49572650e-01
  4.27350427e-02  4.27350427e-02 -4.27350427e-02 -4.27350427e-02
 -1.65242165e-01 -1.49572650e-01 -5.35612536e-01 -1.49572650e-01] 
[ 6.08974359e-02  9.08119658e-02  9.08119658e-02  6.08974359e-02
  1.60256410e-02  4.59401709e-02  4.59401709e-02  1.60256410e-02
 -1.06837607e-01 -1.28205128e-01 -1.06837607e-01 -2.56410256e-02
 -2.13675214e-02 -1.06837607e-01 -1.06837607e-01 -2.13675214e-02
  2.13675214e-02  2.56410256e-02  2.13675214e-02  1.28205128e-01
 -1.78062678e-02 -3.56125356e-02  3.56125356e-02  1.78062678e-02
 -8.19088319e-02 -3.56125356e-02  3.56125356e-02  8.19088319e-02
  1.06837607e-01 -6.86179508e-17 -1.06837607e-01 -3.66219400e-17
  1.42450142e-01  7.12250712e-02 -7.12250712e-02 -1.42450142e-01
 -2.13675214e-02 -6.79915229e-17  2.13675214e-02 -1.17768449e-16
  2.92022792e-02 -4.84330484e-02 -4.84330484e-02  2.92022792e-02
  1.71652422e-01  1.03988604e-01  1.03988604e-01  1.71652422e-01
  1.49572650e-01  9.68660969e-02  1.49572650e-01  9.11680912e-02
 -4.27350427e-02  4.27350427e-02  4.27350427e-02 -4.27350427e-02
 -1.49572650e-01 -1.65242165e-01 -1.49572650e-01 -5.35612536e-01] 

--------------------------------------------------------------------------------------------------
