DJ 
Gauss Point1	( -0.7746;  -0.7746;  -0.7746): 
[[ 5.00000000e-01  4.16333634e-17  0.00000000e+00]
 [ 0.00000000e+00 -5.00000000e-01  0.00000000e+00]
 [-5.55111512e-17  4.16333634e-17  5.00000000e-01]] 
DET  -0.12500000000000003 
--------------------------------------------------------------------------------------------------
Gauss Point2	(  0.0000;  -0.7746;  -0.7746): 
[[ 5.00000000e-01  0.00000000e+00  0.00000000e+00]
 [-8.32667268e-17 -5.00000000e-01  2.77555756e-17]
 [-1.11022302e-16 -1.11022302e-16  5.00000000e-01]] 
DET  -0.12500000000000003 
--------------------------------------------------------------------------------------------------
Gauss Point3	(  0.7746;  -0.7746;  -0.7746): 
[[ 5.00000000e-01 -1.24900090e-16  0.00000000e+00]
 [ 4.16333634e-17 -5.00000000e-01  0.00000000e+00]
 [ 4.16333634e-17  1.24900090e-16  5.00000000e-01]] 
DET  -0.12500000000000003 
--------------------------------------------------------------------------------------------------
Gauss Point4	( -0.7746;   0.0000;  -0.7746): 
[[ 5.00000000e-01 -8.32667268e-17  2.77555756e-17]
 [ 0.00000000e+00 -5.00000000e-01  0.00000000e+00]
 [ 0.00000000e+00 -1.11022302e-16  5.00000000e-01]] 
DET  -0.12499999999999997 
--------------------------------------------------------------------------------------------------
Gauss Point5	(  0.0000;   0.0000;  -0.7746): 
[[ 0.5  0.   0. ]
 [ 0.  -0.5  0. ]
 [ 0.   0.   0.5]] 
DET  -0.12500000000000003 
--------------------------------------------------------------------------------------------------
Gauss Point6	(  0.7746;   0.0000;  -0.7746): 
[[ 5.00000000e-01  8.32667268e-17 -2.77555756e-17]
 [ 0.00000000e+00 -5.00000000e-01  0.00000000e+00]
 [-1.11022302e-16 -1.11022302e-16  5.00000000e-01]] 
DET  -0.12500000000000003 
--------------------------------------------------------------------------------------------------
Gauss Point7	( -0.7746;   0.7746;  -0.7746): 
[[ 5.00000000e-01  0.00000000e+00  0.00000000e+00]
 [-1.38777878e-17 -5.00000000e-01  0.00000000e+00]
 [-2.77555756e-17 -5.55111512e-17  5.00000000e-01]] 
DET  -0.12500000000000008 
--------------------------------------------------------------------------------------------------
Gauss Point8	(  0.0000;   0.7746;  -0.7746): 
[[ 5.00000000e-01  0.00000000e+00  0.00000000e+00]
 [ 8.32667268e-17 -5.00000000e-01  0.00000000e+00]
 [-1.11022302e-16  0.00000000e+00  5.00000000e-01]] 
DET  -0.12499999999999997 
--------------------------------------------------------------------------------------------------
Gauss Point9	(  0.7746;   0.7746;  -0.7746): 
[[ 5.00000000e-01 -1.38777878e-17  0.00000000e+00]
 [-1.24900090e-16 -5.00000000e-01  0.00000000e+00]
 [ 1.24900090e-16 -2.77555756e-17  5.00000000e-01]] 
DET  -0.12500000000000008 
--------------------------------------------------------------------------------------------------
Gauss Point10	( -0.7746;  -0.7746;   0.0000): 
[[ 5.00000000e-01  5.55111512e-17  0.00000000e+00]
 [ 2.77555756e-17 -5.00000000e-01  0.00000000e+00]
 [ 0.00000000e+00  4.16333634e-17  5.00000000e-01]] 
DET  -0.12499999999999997 
--------------------------------------------------------------------------------------------------
Gauss Point11	(  0.0000;  -0.7746;   0.0000): 
[[ 0.5  0.   0. ]
 [ 0.  -0.5  0. ]
 [ 0.   0.   0.5]] 
DET  -0.12500000000000003 
--------------------------------------------------------------------------------------------------
Gauss Point12	(  0.7746;  -0.7746;   0.0000): 
[[ 5.00000000e-01  5.55111512e-17  0.00000000e+00]
 [ 5.55111512e-17 -5.00000000e-01  2.77555756e-17]
 [ 4.16333634e-17 -4.16333634e-17  5.00000000e-01]] 
DET  -0.12500000000000003 
--------------------------------------------------------------------------------------------------
Gauss Point13	( -0.7746;   0.0000;   0.0000): 
[[ 0.5  0.   0. ]
 [ 0.  -0.5  0. ]
 [ 0.   0.   0.5]] 
DET  -0.12500000000000003 
--------------------------------------------------------------------------------------------------
Gauss Point14	(  0.0000;   0.0000;   0.0000): 
[[ 0.5  0.   0. ]
 [ 0.  -0.5  0. ]
 [ 0.   0.   0.5]] 
DET  -0.12500000000000003 
--------------------------------------------------------------------------------------------------
Gauss Point15	(  0.7746;   0.0000;   0.0000): 
[[ 0.5  0.   0. ]
 [ 0.  -0.5  0. ]
 [ 0.   0.   0.5]] 
DET  -0.12500000000000003 
--------------------------------------------------------------------------------------------------
Gauss Point16	( -0.7746;   0.7746;   0.0000): 
[[ 5.00000000e-01  2.77555756e-17 -8.32667268e-17]
 [-2.77555756e-17 -5.00000000e-01  0.00000000e+00]
 [ 0.00000000e+00  0.00000000e+00  5.00000000e-01]] 
DET  -0.12499999999999997 
--------------------------------------------------------------------------------------------------
Gauss Point17	(  0.0000;   0.7746;   0.0000): 
[[ 0.5  0.   0. ]
 [ 0.  -0.5  0. ]
 [ 0.   0.   0.5]] 
DET  -0.12500000000000003 
--------------------------------------------------------------------------------------------------
Gauss Point18	(  0.7746;   0.7746;   0.0000): 
[[ 5.00000000e-01 -2.77555756e-17  8.32667268e-17]
 [ 5.55111512e-17 -5.00000000e-01 -2.77555756e-17]
 [-4.16333634e-17  0.00000000e+00  5.00000000e-01]] 
DET  -0.12499999999999997 
--------------------------------------------------------------------------------------------------
Gauss Point19	( -0.7746;  -0.7746;   0.7746): 
[[ 5.00000000e-01 -6.93889390e-17  8.32667268e-17]
 [ 2.77555756e-17 -5.00000000e-01  0.00000000e+00]
 [-1.38777878e-17 -6.93889390e-17  5.00000000e-01]] 
DET  -0.12500000000000008 
--------------------------------------------------------------------------------------------------
Gauss Point20	(  0.0000;  -0.7746;   0.7746): 
[[ 5.00000000e-01  0.00000000e+00  0.00000000e+00]
 [ 0.00000000e+00 -5.00000000e-01  0.00000000e+00]
 [ 0.00000000e+00 -1.11022302e-16  5.00000000e-01]] 
DET  -0.12499999999999997 
--------------------------------------------------------------------------------------------------
Gauss Point21	(  0.7746;  -0.7746;   0.7746): 
[[ 5.00000000e-01 -6.93889390e-17  8.32667268e-17]
 [-6.93889390e-17 -5.00000000e-01  1.66533454e-16]
 [-6.93889390e-17 -9.71445147e-17  5.00000000e-01]] 
DET  -0.12500000000000003 
--------------------------------------------------------------------------------------------------
Gauss Point22	( -0.7746;   0.0000;   0.7746): 
[[ 5.00000000e-01  0.00000000e+00  0.00000000e+00]
 [ 0.00000000e+00 -5.00000000e-01  0.00000000e+00]
 [-2.77555756e-17  0.00000000e+00  5.00000000e-01]] 
DET  -0.12499999999999997 
--------------------------------------------------------------------------------------------------
Gauss Point23	(  0.0000;   0.0000;   0.7746): 
[[ 0.5  0.   0. ]
 [ 0.  -0.5  0. ]
 [ 0.   0.   0.5]] 
DET  -0.12500000000000003 
--------------------------------------------------------------------------------------------------
Gauss Point24	(  0.7746;   0.0000;   0.7746): 
[[ 5.00000000e-01  0.00000000e+00  0.00000000e+00]
 [ 0.00000000e+00 -5.00000000e-01  0.00000000e+00]
 [-1.11022302e-16  0.00000000e+00  5.00000000e-01]] 
DET  -0.12499999999999997 
--------------------------------------------------------------------------------------------------
Gauss Point25	( -0.7746;   0.7746;   0.7746): 
[[ 5.00000000e-01  2.77555756e-17  8.32667268e-17]
 [ 1.38777878e-17 -5.00000000e-01  0.00000000e+00]
 [ 0.00000000e+00 -1.38777878e-17  5.00000000e-01]] 
DET  -0.12500000000000003 
--------------------------------------------------------------------------------------------------
Gauss Point26	(  0.0000;   0.7746;   0.7746): 
[[ 5.00000000e-01  0.00000000e+00  0.00000000e+00]
 [ 0.00000000e+00 -5.00000000e-01  0.00000000e+00]
 [ 0.00000000e+00 -2.77555756e-17  5.00000000e-01]] 
DET  -0.12500000000000003 
--------------------------------------------------------------------------------------------------
Gauss Point27	(  0.7746;   0.7746;   0.7746): 
[[ 5.00000000e-01  1.38777878e-17 -1.11022302e-16]
 [-6.93889390e-17 -5.00000000e-01  0.00000000e+00]
 [-9.71445147e-17  0.00000000e+00  5.00000000e-01]] 
DET  -0.12499999999999997 
--------------------------------------------------------------------------------------------------


DFIXYZ 
Gauss Point #0	( -0.7746;  -0.7746;  -0.7746): 
[[-0.05491933  0.78729833 -0.05491933]
 [-0.25491933  0.25491933  0.01270167]
 [-0.78729833  0.05491933 -0.05491933]
 [-1.65205634  1.65205634 -1.65205634]
 [ 0.01270167  0.25491933 -0.25491933]
 [-0.05205634  0.05205634 -0.05205634]
 [-0.25491933 -0.01270167 -0.25491933]
 [-0.05491933  0.05491933 -0.78729833]
 [ 0.30983867 -0.35491933 -0.04508067]
 [ 0.35491933 -0.30983867 -0.04508067]
 [ 2.43935467  0.35491933 -0.35491933]
 [-0.35491933 -2.43935467 -0.35491933]
 [-0.04508067 -0.35491933  0.30983867]
 [ 0.04508067 -0.04508067  0.03935467]
 [ 0.35491933  0.04508067  0.30983867]
 [-0.35491933  0.35491933  2.43935467]
 [ 0.03935467 -0.04508067  0.04508067]
 [ 0.04508067 -0.03935467  0.04508067]
 [ 0.30983867  0.04508067  0.35491933]
 [-0.04508067 -0.30983867  0.35491933]] 
Gauss Point #1	(  0.0000;  -0.7746;  -0.7746): 
[[ 0.1         0.78729833  0.01270167]
 [-0.1         0.78729833  0.01270167]
 [ 0.432379    0.58729833 -0.58729833]
 [-0.432379    0.58729833 -0.58729833]
 [ 0.032379    0.18729833 -0.18729833]
 [-0.032379    0.18729833 -0.18729833]
 [-0.1        -0.01270167 -0.78729833]
 [ 0.1        -0.01270167 -0.78729833]
 [ 0.         -0.88729833 -0.11270167]
 [ 0.35491933 -1.37459667 -0.2       ]
 [ 0.          0.88729833 -0.88729833]
 [-0.35491933 -1.37459667 -0.2       ]
 [-0.04508067 -0.2         0.17459667]
 [ 0.04508067 -0.2         0.17459667]
 [ 0.35491933  0.2         1.37459667]
 [-0.35491933  0.2         1.37459667]
 [ 0.         -0.11270167  0.11270167]
 [ 0.04508067 -0.17459667  0.2       ]
 [ 0.          0.11270167  0.88729833]
 [-0.04508067 -0.17459667  0.2       ]] 
Gauss Point #2	(  0.7746;  -0.7746;  -0.7746): 
[[ 0.25491933  0.25491933  0.01270167]
 [ 0.05491933  0.78729833 -0.05491933]
 [ 1.65205634  1.65205634 -1.65205634]
 [ 0.78729833  0.05491933 -0.05491933]
 [ 0.05205634  0.05205634 -0.05205634]
 [-0.01270167  0.25491933 -0.25491933]
 [ 0.05491933  0.05491933 -0.78729833]
 [ 0.25491933 -0.01270167 -0.25491933]
 [-0.30983867 -0.35491933 -0.04508067]
 [ 0.35491933 -2.43935467 -0.35491933]
 [-2.43935467  0.35491933 -0.35491933]
 [-0.35491933 -0.30983867 -0.04508067]
 [-0.04508067 -0.04508067  0.03935467]
 [ 0.04508067 -0.35491933  0.30983867]
 [ 0.35491933  0.35491933  2.43935467]
 [-0.35491933  0.04508067  0.30983867]
 [-0.03935467 -0.04508067  0.04508067]
 [ 0.04508067 -0.30983867  0.35491933]
 [-0.30983867  0.04508067  0.35491933]
 [-0.04508067 -0.03935467  0.04508067]] 
Gauss Point #3	( -0.7746;   0.0000;  -0.7746): 
[[-5.87298335e-01 -4.32379001e-01 -5.87298335e-01]
 [-7.87298335e-01  1.00000000e-01  1.27016654e-02]
 [-7.87298335e-01 -1.00000000e-01  1.27016654e-02]
 [-5.87298335e-01  4.32379001e-01 -5.87298335e-01]
 [ 1.27016654e-02  1.00000000e-01 -7.87298335e-01]
 [-1.87298335e-01  3.23790008e-02 -1.87298335e-01]
 [-1.87298335e-01 -3.23790008e-02 -1.87298335e-01]
 [ 1.27016654e-02 -1.00000000e-01 -7.87298335e-01]
 [ 1.37459667e+00 -3.54919334e-01 -2.00000000e-01]
 [ 8.87298335e-01 -1.54021055e-16 -1.12701665e-01]
 [ 1.37459667e+00  3.54919334e-01 -2.00000000e-01]
 [-8.87298335e-01  9.85099041e-17 -8.87298335e-01]
 [-2.00000000e-01 -3.54919334e-01  1.37459667e+00]
 [ 2.00000000e-01 -4.50806662e-02  1.74596669e-01]
 [ 2.00000000e-01  4.50806662e-02  1.74596669e-01]
 [-2.00000000e-01  3.54919334e-01  1.37459667e+00]
 [ 1.74596669e-01 -4.50806662e-02  2.00000000e-01]
 [ 1.12701665e-01 -1.25123984e-17  1.12701665e-01]
 [ 1.74596669e-01  4.50806662e-02  2.00000000e-01]
 [-1.12701665e-01  6.80235496e-17  8.87298335e-01]] 
Gauss Point #4	(  0.0000;   0.0000;  -0.7746): 
[[ 1.00000000e-01  1.00000000e-01 -1.37298335e-01]
 [-1.00000000e-01  1.00000000e-01 -1.37298335e-01]
 [-1.00000000e-01 -1.00000000e-01 -1.37298335e-01]
 [ 1.00000000e-01 -1.00000000e-01 -1.37298335e-01]
 [ 1.00000000e-01  1.00000000e-01 -6.37298335e-01]
 [-1.00000000e-01  1.00000000e-01 -6.37298335e-01]
 [-1.00000000e-01 -1.00000000e-01 -6.37298335e-01]
 [ 1.00000000e-01 -1.00000000e-01 -6.37298335e-01]
 [ 0.00000000e+00 -8.87298335e-01 -5.00000000e-01]
 [ 8.87298335e-01 -1.75520432e-16 -5.00000000e-01]
 [ 0.00000000e+00  8.87298335e-01 -5.00000000e-01]
 [-8.87298335e-01  1.20009281e-16 -5.00000000e-01]
 [-2.00000000e-01 -2.00000000e-01  7.74596669e-01]
 [ 2.00000000e-01 -2.00000000e-01  7.74596669e-01]
 [ 2.00000000e-01  2.00000000e-01  7.74596669e-01]
 [-2.00000000e-01  2.00000000e-01  7.74596669e-01]
 [ 0.00000000e+00 -1.12701665e-01  5.00000000e-01]
 [ 1.12701665e-01  8.98697804e-18  5.00000000e-01]
 [ 0.00000000e+00  1.12701665e-01  5.00000000e-01]
 [-1.12701665e-01  4.65241732e-17  5.00000000e-01]] 
Gauss Point #5	(  0.7746;   0.0000;  -0.7746): 
[[ 7.87298335e-01  1.00000000e-01  1.27016654e-02]
 [ 5.87298335e-01 -4.32379001e-01 -5.87298335e-01]
 [ 5.87298335e-01  4.32379001e-01 -5.87298335e-01]
 [ 7.87298335e-01 -1.00000000e-01  1.27016654e-02]
 [ 1.87298335e-01  3.23790008e-02 -1.87298335e-01]
 [-1.27016654e-02  1.00000000e-01 -7.87298335e-01]
 [-1.27016654e-02 -1.00000000e-01 -7.87298335e-01]
 [ 1.87298335e-01 -3.23790008e-02 -1.87298335e-01]
 [-1.37459667e+00 -3.54919334e-01 -2.00000000e-01]
 [ 8.87298335e-01 -1.97019808e-16 -8.87298335e-01]
 [-1.37459667e+00  3.54919334e-01 -2.00000000e-01]
 [-8.87298335e-01  1.41508657e-16 -1.12701665e-01]
 [-2.00000000e-01 -4.50806662e-02  1.74596669e-01]
 [ 2.00000000e-01 -3.54919334e-01  1.37459667e+00]
 [ 2.00000000e-01  3.54919334e-01  1.37459667e+00]
 [-2.00000000e-01  4.50806662e-02  1.74596669e-01]
 [-1.74596669e-01 -4.50806662e-02  2.00000000e-01]
 [ 1.12701665e-01  3.04863545e-17  8.87298335e-01]
 [-1.74596669e-01  4.50806662e-02  2.00000000e-01]
 [-1.12701665e-01  2.50247968e-17  1.12701665e-01]] 
Gauss Point #6	( -0.7746;   0.7746;  -0.7746): 
[[-1.65205634 -1.65205634 -1.65205634]
 [-0.78729833 -0.05491933 -0.05491933]
 [-0.25491933 -0.25491933  0.01270167]
 [-0.05491933 -0.78729833 -0.05491933]
 [-0.05491933 -0.05491933 -0.78729833]
 [-0.25491933  0.01270167 -0.25491933]
 [-0.05205634 -0.05205634 -0.05205634]
 [ 0.01270167 -0.25491933 -0.25491933]
 [ 2.43935467 -0.35491933 -0.35491933]
 [ 0.35491933  0.30983867 -0.04508067]
 [ 0.30983867  0.35491933 -0.04508067]
 [-0.35491933  2.43935467 -0.35491933]
 [-0.35491933 -0.35491933  2.43935467]
 [ 0.35491933 -0.04508067  0.30983867]
 [ 0.04508067  0.04508067  0.03935467]
 [-0.04508067  0.35491933  0.30983867]
 [ 0.30983867 -0.04508067  0.35491933]
 [ 0.04508067  0.03935467  0.04508067]
 [ 0.03935467  0.04508067  0.04508067]
 [-0.04508067  0.30983867  0.35491933]] 
Gauss Point #7	(  0.0000;   0.7746;  -0.7746): 
[[-0.432379   -0.58729833 -0.58729833]
 [ 0.432379   -0.58729833 -0.58729833]
 [-0.1        -0.78729833  0.01270167]
 [ 0.1        -0.78729833  0.01270167]
 [ 0.1         0.01270167 -0.78729833]
 [-0.1         0.01270167 -0.78729833]
 [-0.032379   -0.18729833 -0.18729833]
 [ 0.032379   -0.18729833 -0.18729833]
 [ 0.         -0.88729833 -0.88729833]
 [ 0.35491933  1.37459667 -0.2       ]
 [ 0.          0.88729833 -0.11270167]
 [-0.35491933  1.37459667 -0.2       ]
 [-0.35491933 -0.2         1.37459667]
 [ 0.35491933 -0.2         1.37459667]
 [ 0.04508067  0.2         0.17459667]
 [-0.04508067  0.2         0.17459667]
 [ 0.         -0.11270167  0.88729833]
 [ 0.04508067  0.17459667  0.2       ]
 [ 0.          0.11270167  0.11270167]
 [-0.04508067  0.17459667  0.2       ]] 
Gauss Point #8	(  0.7746;   0.7746;  -0.7746): 
[[ 0.78729833 -0.05491933 -0.05491933]
 [ 1.65205634 -1.65205634 -1.65205634]
 [ 0.05491933 -0.78729833 -0.05491933]
 [ 0.25491933 -0.25491933  0.01270167]
 [ 0.25491933  0.01270167 -0.25491933]
 [ 0.05491933 -0.05491933 -0.78729833]
 [-0.01270167 -0.25491933 -0.25491933]
 [ 0.05205634 -0.05205634 -0.05205634]
 [-2.43935467 -0.35491933 -0.35491933]
 [ 0.35491933  2.43935467 -0.35491933]
 [-0.30983867  0.35491933 -0.04508067]
 [-0.35491933  0.30983867 -0.04508067]
 [-0.35491933 -0.04508067  0.30983867]
 [ 0.35491933 -0.35491933  2.43935467]
 [ 0.04508067  0.35491933  0.30983867]
 [-0.04508067  0.04508067  0.03935467]
 [-0.30983867 -0.04508067  0.35491933]
 [ 0.04508067  0.30983867  0.35491933]
 [-0.03935467  0.04508067  0.04508067]
 [-0.04508067  0.03935467  0.04508067]] 
Gauss Point #9	( -0.7746;  -0.7746;   0.0000): 
[[ 1.27016654e-02  7.87298335e-01  1.00000000e-01]
 [-1.87298335e-01  1.87298335e-01  3.23790008e-02]
 [-7.87298335e-01 -1.27016654e-02  1.00000000e-01]
 [-5.87298335e-01  5.87298335e-01 -4.32379001e-01]
 [ 1.27016654e-02  7.87298335e-01 -1.00000000e-01]
 [-1.87298335e-01  1.87298335e-01 -3.23790008e-02]
 [-7.87298335e-01 -1.27016654e-02 -1.00000000e-01]
 [-5.87298335e-01  5.87298335e-01  4.32379001e-01]
 [ 1.74596669e-01 -2.00000000e-01 -4.50806662e-02]
 [ 2.00000000e-01 -1.74596669e-01 -4.50806662e-02]
 [ 1.37459667e+00  2.00000000e-01 -3.54919334e-01]
 [-2.00000000e-01 -1.37459667e+00 -3.54919334e-01]
 [-1.12701665e-01 -8.87298335e-01 -2.22044605e-16]
 [ 1.12701665e-01 -1.12701665e-01  3.08148791e-33]
 [ 8.87298335e-01  1.12701665e-01  2.22044605e-16]
 [-8.87298335e-01  8.87298335e-01 -2.46519033e-32]
 [ 1.74596669e-01 -2.00000000e-01  4.50806662e-02]
 [ 2.00000000e-01 -1.74596669e-01  4.50806662e-02]
 [ 1.37459667e+00  2.00000000e-01  3.54919334e-01]
 [-2.00000000e-01 -1.37459667e+00  3.54919334e-01]] 
Gauss Point #10	(  0.0000;  -0.7746;   0.0000): 
[[ 1.00000000e-01  6.37298335e-01  1.00000000e-01]
 [-1.00000000e-01  6.37298335e-01  1.00000000e-01]
 [-1.00000000e-01  1.37298335e-01  1.00000000e-01]
 [ 1.00000000e-01  1.37298335e-01  1.00000000e-01]
 [ 1.00000000e-01  6.37298335e-01 -1.00000000e-01]
 [-1.00000000e-01  6.37298335e-01 -1.00000000e-01]
 [-1.00000000e-01  1.37298335e-01 -1.00000000e-01]
 [ 1.00000000e-01  1.37298335e-01 -1.00000000e-01]
 [ 0.00000000e+00 -5.00000000e-01 -1.12701665e-01]
 [ 2.00000000e-01 -7.74596669e-01 -2.00000000e-01]
 [ 0.00000000e+00  5.00000000e-01 -8.87298335e-01]
 [-2.00000000e-01 -7.74596669e-01 -2.00000000e-01]
 [-1.12701665e-01 -5.00000000e-01 -1.36047099e-16]
 [ 1.12701665e-01 -5.00000000e-01 -8.59975057e-17]
 [ 8.87298335e-01  5.00000000e-01  3.08042111e-16]
 [-8.87298335e-01  5.00000000e-01 -8.59975057e-17]
 [ 0.00000000e+00 -5.00000000e-01  1.12701665e-01]
 [ 2.00000000e-01 -7.74596669e-01  2.00000000e-01]
 [ 0.00000000e+00  5.00000000e-01  8.87298335e-01]
 [-2.00000000e-01 -7.74596669e-01  2.00000000e-01]] 
Gauss Point #11	(  0.7746;  -0.7746;   0.0000): 
[[ 1.87298335e-01  1.87298335e-01  3.23790008e-02]
 [-1.27016654e-02  7.87298335e-01  1.00000000e-01]
 [ 5.87298335e-01  5.87298335e-01 -4.32379001e-01]
 [ 7.87298335e-01 -1.27016654e-02  1.00000000e-01]
 [ 1.87298335e-01  1.87298335e-01 -3.23790008e-02]
 [-1.27016654e-02  7.87298335e-01 -1.00000000e-01]
 [ 5.87298335e-01  5.87298335e-01  4.32379001e-01]
 [ 7.87298335e-01 -1.27016654e-02 -1.00000000e-01]
 [-1.74596669e-01 -2.00000000e-01 -4.50806662e-02]
 [ 2.00000000e-01 -1.37459667e+00 -3.54919334e-01]
 [-1.37459667e+00  2.00000000e-01 -3.54919334e-01]
 [-2.00000000e-01 -1.74596669e-01 -4.50806662e-02]
 [-1.12701665e-01 -1.12701665e-01 -5.00495935e-17]
 [ 1.12701665e-01 -8.87298335e-01 -1.71995011e-16]
 [ 8.87298335e-01  8.87298335e-01  3.94039616e-16]
 [-8.87298335e-01  1.12701665e-01 -1.71995011e-16]
 [-1.74596669e-01 -2.00000000e-01  4.50806662e-02]
 [ 2.00000000e-01 -1.37459667e+00  3.54919334e-01]
 [-1.37459667e+00  2.00000000e-01  3.54919334e-01]
 [-2.00000000e-01 -1.74596669e-01  4.50806662e-02]] 
Gauss Point #12	( -0.7746;   0.0000;   0.0000): 
[[-1.37298335e-01  1.00000000e-01  1.00000000e-01]
 [-6.37298335e-01  1.00000000e-01  1.00000000e-01]
 [-6.37298335e-01 -1.00000000e-01  1.00000000e-01]
 [-1.37298335e-01 -1.00000000e-01  1.00000000e-01]
 [-1.37298335e-01  1.00000000e-01 -1.00000000e-01]
 [-6.37298335e-01  1.00000000e-01 -1.00000000e-01]
 [-6.37298335e-01 -1.00000000e-01 -1.00000000e-01]
 [-1.37298335e-01 -1.00000000e-01 -1.00000000e-01]
 [ 7.74596669e-01 -2.00000000e-01 -2.00000000e-01]
 [ 5.00000000e-01 -8.95229260e-17 -1.12701665e-01]
 [ 7.74596669e-01  2.00000000e-01 -2.00000000e-01]
 [-5.00000000e-01  3.40117748e-17 -8.87298335e-01]
 [-5.00000000e-01 -8.87298335e-01 -3.08042111e-16]
 [ 5.00000000e-01 -1.12701665e-01  8.59975057e-17]
 [ 5.00000000e-01  1.12701665e-01  1.36047099e-16]
 [-5.00000000e-01  8.87298335e-01  8.59975057e-17]
 [ 7.74596669e-01 -2.00000000e-01  2.00000000e-01]
 [ 5.00000000e-01 -7.70105277e-17  1.12701665e-01]
 [ 7.74596669e-01  2.00000000e-01  2.00000000e-01]
 [-5.00000000e-01  1.32521679e-16  8.87298335e-01]] 
Gauss Point #13	(  0.0000;   0.0000;   0.0000): 
[[ 2.50000000e-01  2.50000000e-01  2.50000000e-01]
 [-2.50000000e-01  2.50000000e-01  2.50000000e-01]
 [-2.50000000e-01 -2.50000000e-01  2.50000000e-01]
 [ 2.50000000e-01 -2.50000000e-01  2.50000000e-01]
 [ 2.50000000e-01  2.50000000e-01 -2.50000000e-01]
 [-2.50000000e-01  2.50000000e-01 -2.50000000e-01]
 [-2.50000000e-01 -2.50000000e-01 -2.50000000e-01]
 [ 2.50000000e-01 -2.50000000e-01 -2.50000000e-01]
 [ 0.00000000e+00 -5.00000000e-01 -5.00000000e-01]
 [ 5.00000000e-01 -1.11022302e-16 -5.00000000e-01]
 [ 0.00000000e+00  5.00000000e-01 -5.00000000e-01]
 [-5.00000000e-01  5.55111512e-17 -5.00000000e-01]
 [-5.00000000e-01 -5.00000000e-01 -2.22044605e-16]
 [ 5.00000000e-01 -5.00000000e-01  0.00000000e+00]
 [ 5.00000000e-01  5.00000000e-01  2.22044605e-16]
 [-5.00000000e-01  5.00000000e-01  0.00000000e+00]
 [ 0.00000000e+00 -5.00000000e-01  5.00000000e-01]
 [ 5.00000000e-01 -5.55111512e-17  5.00000000e-01]
 [ 0.00000000e+00  5.00000000e-01  5.00000000e-01]
 [-5.00000000e-01  1.11022302e-16  5.00000000e-01]] 
Gauss Point #14	(  0.7746;   0.0000;   0.0000): 
[[ 6.37298335e-01  1.00000000e-01  1.00000000e-01]
 [ 1.37298335e-01  1.00000000e-01  1.00000000e-01]
 [ 1.37298335e-01 -1.00000000e-01  1.00000000e-01]
 [ 6.37298335e-01 -1.00000000e-01  1.00000000e-01]
 [ 6.37298335e-01  1.00000000e-01 -1.00000000e-01]
 [ 1.37298335e-01  1.00000000e-01 -1.00000000e-01]
 [ 1.37298335e-01 -1.00000000e-01 -1.00000000e-01]
 [ 6.37298335e-01 -1.00000000e-01 -1.00000000e-01]
 [-7.74596669e-01 -2.00000000e-01 -2.00000000e-01]
 [ 5.00000000e-01 -1.32521679e-16 -8.87298335e-01]
 [-7.74596669e-01  2.00000000e-01 -2.00000000e-01]
 [-5.00000000e-01  7.70105277e-17 -1.12701665e-01]
 [-5.00000000e-01 -1.12701665e-01 -1.36047099e-16]
 [ 5.00000000e-01 -8.87298335e-01 -8.59975057e-17]
 [ 5.00000000e-01  8.87298335e-01  3.08042111e-16]
 [-5.00000000e-01  1.12701665e-01 -8.59975057e-17]
 [-7.74596669e-01 -2.00000000e-01  2.00000000e-01]
 [ 5.00000000e-01 -3.40117748e-17  8.87298335e-01]
 [-7.74596669e-01  2.00000000e-01  2.00000000e-01]
 [-5.00000000e-01  8.95229260e-17  1.12701665e-01]] 
Gauss Point #15	( -0.7746;   0.7746;   0.0000): 
[[-5.87298335e-01 -5.87298335e-01 -4.32379001e-01]
 [-7.87298335e-01  1.27016654e-02  1.00000000e-01]
 [-1.87298335e-01 -1.87298335e-01  3.23790008e-02]
 [ 1.27016654e-02 -7.87298335e-01  1.00000000e-01]
 [-5.87298335e-01 -5.87298335e-01  4.32379001e-01]
 [-7.87298335e-01  1.27016654e-02 -1.00000000e-01]
 [-1.87298335e-01 -1.87298335e-01 -3.23790008e-02]
 [ 1.27016654e-02 -7.87298335e-01 -1.00000000e-01]
 [ 1.37459667e+00 -2.00000000e-01 -3.54919334e-01]
 [ 2.00000000e-01  1.74596669e-01 -4.50806662e-02]
 [ 1.74596669e-01  2.00000000e-01 -4.50806662e-02]
 [-2.00000000e-01  1.37459667e+00 -3.54919334e-01]
 [-8.87298335e-01 -8.87298335e-01 -3.94039616e-16]
 [ 8.87298335e-01 -1.12701665e-01  1.71995011e-16]
 [ 1.12701665e-01  1.12701665e-01  5.00495935e-17]
 [-1.12701665e-01  8.87298335e-01  1.71995011e-16]
 [ 1.37459667e+00 -2.00000000e-01  3.54919334e-01]
 [ 2.00000000e-01  1.74596669e-01  4.50806662e-02]
 [ 1.74596669e-01  2.00000000e-01  4.50806662e-02]
 [-2.00000000e-01  1.37459667e+00  3.54919334e-01]] 
Gauss Point #16	(  0.0000;   0.7746;   0.0000): 
[[ 1.00000000e-01 -1.37298335e-01  1.00000000e-01]
 [-1.00000000e-01 -1.37298335e-01  1.00000000e-01]
 [-1.00000000e-01 -6.37298335e-01  1.00000000e-01]
 [ 1.00000000e-01 -6.37298335e-01  1.00000000e-01]
 [ 1.00000000e-01 -1.37298335e-01 -1.00000000e-01]
 [-1.00000000e-01 -1.37298335e-01 -1.00000000e-01]
 [-1.00000000e-01 -6.37298335e-01 -1.00000000e-01]
 [ 1.00000000e-01 -6.37298335e-01 -1.00000000e-01]
 [ 0.00000000e+00 -5.00000000e-01 -8.87298335e-01]
 [ 2.00000000e-01  7.74596669e-01 -2.00000000e-01]
 [ 0.00000000e+00  5.00000000e-01 -1.12701665e-01]
 [-2.00000000e-01  7.74596669e-01 -2.00000000e-01]
 [-8.87298335e-01 -5.00000000e-01 -3.08042111e-16]
 [ 8.87298335e-01 -5.00000000e-01  8.59975057e-17]
 [ 1.12701665e-01  5.00000000e-01  1.36047099e-16]
 [-1.12701665e-01  5.00000000e-01  8.59975057e-17]
 [ 0.00000000e+00 -5.00000000e-01  8.87298335e-01]
 [ 2.00000000e-01  7.74596669e-01  2.00000000e-01]
 [ 0.00000000e+00  5.00000000e-01  1.12701665e-01]
 [-2.00000000e-01  7.74596669e-01  2.00000000e-01]] 
Gauss Point #17	(  0.7746;   0.7746;   0.0000): 
[[ 7.87298335e-01  1.27016654e-02  1.00000000e-01]
 [ 5.87298335e-01 -5.87298335e-01 -4.32379001e-01]
 [-1.27016654e-02 -7.87298335e-01  1.00000000e-01]
 [ 1.87298335e-01 -1.87298335e-01  3.23790008e-02]
 [ 7.87298335e-01  1.27016654e-02 -1.00000000e-01]
 [ 5.87298335e-01 -5.87298335e-01  4.32379001e-01]
 [-1.27016654e-02 -7.87298335e-01 -1.00000000e-01]
 [ 1.87298335e-01 -1.87298335e-01 -3.23790008e-02]
 [-1.37459667e+00 -2.00000000e-01 -3.54919334e-01]
 [ 2.00000000e-01  1.37459667e+00 -3.54919334e-01]
 [-1.74596669e-01  2.00000000e-01 -4.50806662e-02]
 [-2.00000000e-01  1.74596669e-01 -4.50806662e-02]
 [-8.87298335e-01 -1.12701665e-01 -2.22044605e-16]
 [ 8.87298335e-01 -8.87298335e-01  2.46519033e-32]
 [ 1.12701665e-01  8.87298335e-01  2.22044605e-16]
 [-1.12701665e-01  1.12701665e-01 -3.08148791e-33]
 [-1.37459667e+00 -2.00000000e-01  3.54919334e-01]
 [ 2.00000000e-01  1.37459667e+00  3.54919334e-01]
 [-1.74596669e-01  2.00000000e-01  4.50806662e-02]
 [-2.00000000e-01  1.74596669e-01  4.50806662e-02]] 
Gauss Point #18	( -0.7746;  -0.7746;   0.7746): 
[[ 0.01270167  0.25491933  0.25491933]
 [-0.05205634  0.05205634  0.05205634]
 [-0.25491933 -0.01270167  0.25491933]
 [-0.05491933  0.05491933  0.78729833]
 [-0.05491933  0.78729833  0.05491933]
 [-0.25491933  0.25491933 -0.01270167]
 [-0.78729833  0.05491933  0.05491933]
 [-1.65205634  1.65205634  1.65205634]
 [ 0.03935467 -0.04508067 -0.04508067]
 [ 0.04508067 -0.03935467 -0.04508067]
 [ 0.30983867  0.04508067 -0.35491933]
 [-0.04508067 -0.30983867 -0.35491933]
 [-0.04508067 -0.35491933 -0.30983867]
 [ 0.04508067 -0.04508067 -0.03935467]
 [ 0.35491933  0.04508067 -0.30983867]
 [-0.35491933  0.35491933 -2.43935467]
 [ 0.30983867 -0.35491933  0.04508067]
 [ 0.35491933 -0.30983867  0.04508067]
 [ 2.43935467  0.35491933  0.35491933]
 [-0.35491933 -2.43935467  0.35491933]] 
Gauss Point #19	(  0.0000;  -0.7746;   0.7746): 
[[ 0.032379    0.18729833  0.18729833]
 [-0.032379    0.18729833  0.18729833]
 [-0.1        -0.01270167  0.78729833]
 [ 0.1        -0.01270167  0.78729833]
 [ 0.1         0.78729833 -0.01270167]
 [-0.1         0.78729833 -0.01270167]
 [ 0.432379    0.58729833  0.58729833]
 [-0.432379    0.58729833  0.58729833]
 [ 0.         -0.11270167 -0.11270167]
 [ 0.04508067 -0.17459667 -0.2       ]
 [ 0.          0.11270167 -0.88729833]
 [-0.04508067 -0.17459667 -0.2       ]
 [-0.04508067 -0.2        -0.17459667]
 [ 0.04508067 -0.2        -0.17459667]
 [ 0.35491933  0.2        -1.37459667]
 [-0.35491933  0.2        -1.37459667]
 [ 0.         -0.88729833  0.11270167]
 [ 0.35491933 -1.37459667  0.2       ]
 [ 0.          0.88729833  0.88729833]
 [-0.35491933 -1.37459667  0.2       ]] 
Gauss Point #20	(  0.7746;  -0.7746;   0.7746): 
[[ 0.05205634  0.05205634  0.05205634]
 [-0.01270167  0.25491933  0.25491933]
 [ 0.05491933  0.05491933  0.78729833]
 [ 0.25491933 -0.01270167  0.25491933]
 [ 0.25491933  0.25491933 -0.01270167]
 [ 0.05491933  0.78729833  0.05491933]
 [ 1.65205634  1.65205634  1.65205634]
 [ 0.78729833  0.05491933  0.05491933]
 [-0.03935467 -0.04508067 -0.04508067]
 [ 0.04508067 -0.30983867 -0.35491933]
 [-0.30983867  0.04508067 -0.35491933]
 [-0.04508067 -0.03935467 -0.04508067]
 [-0.04508067 -0.04508067 -0.03935467]
 [ 0.04508067 -0.35491933 -0.30983867]
 [ 0.35491933  0.35491933 -2.43935467]
 [-0.35491933  0.04508067 -0.30983867]
 [-0.30983867 -0.35491933  0.04508067]
 [ 0.35491933 -2.43935467  0.35491933]
 [-2.43935467  0.35491933  0.35491933]
 [-0.35491933 -0.30983867  0.04508067]] 
Gauss Point #21	( -0.7746;   0.0000;   0.7746): 
[[ 1.27016654e-02  1.00000000e-01  7.87298335e-01]
 [-1.87298335e-01  3.23790008e-02  1.87298335e-01]
 [-1.87298335e-01 -3.23790008e-02  1.87298335e-01]
 [ 1.27016654e-02 -1.00000000e-01  7.87298335e-01]
 [-5.87298335e-01 -4.32379001e-01  5.87298335e-01]
 [-7.87298335e-01  1.00000000e-01 -1.27016654e-02]
 [-7.87298335e-01 -1.00000000e-01 -1.27016654e-02]
 [-5.87298335e-01  4.32379001e-01  5.87298335e-01]
 [ 1.74596669e-01 -4.50806662e-02 -2.00000000e-01]
 [ 1.12701665e-01 -2.50247968e-17 -1.12701665e-01]
 [ 1.74596669e-01  4.50806662e-02 -2.00000000e-01]
 [-1.12701665e-01 -3.04863545e-17 -8.87298335e-01]
 [-2.00000000e-01 -3.54919334e-01 -1.37459667e+00]
 [ 2.00000000e-01 -4.50806662e-02 -1.74596669e-01]
 [ 2.00000000e-01  4.50806662e-02 -1.74596669e-01]
 [-2.00000000e-01  3.54919334e-01 -1.37459667e+00]
 [ 1.37459667e+00 -3.54919334e-01  2.00000000e-01]
 [ 8.87298335e-01 -1.41508657e-16  1.12701665e-01]
 [ 1.37459667e+00  3.54919334e-01  2.00000000e-01]
 [-8.87298335e-01  1.97019808e-16  8.87298335e-01]] 
Gauss Point #22	(  0.0000;   0.0000;   0.7746): 
[[ 1.00000000e-01  1.00000000e-01  6.37298335e-01]
 [-1.00000000e-01  1.00000000e-01  6.37298335e-01]
 [-1.00000000e-01 -1.00000000e-01  6.37298335e-01]
 [ 1.00000000e-01 -1.00000000e-01  6.37298335e-01]
 [ 1.00000000e-01  1.00000000e-01  1.37298335e-01]
 [-1.00000000e-01  1.00000000e-01  1.37298335e-01]
 [-1.00000000e-01 -1.00000000e-01  1.37298335e-01]
 [ 1.00000000e-01 -1.00000000e-01  1.37298335e-01]
 [ 0.00000000e+00 -1.12701665e-01 -5.00000000e-01]
 [ 1.12701665e-01 -4.65241732e-17 -5.00000000e-01]
 [ 0.00000000e+00  1.12701665e-01 -5.00000000e-01]
 [-1.12701665e-01 -8.98697804e-18 -5.00000000e-01]
 [-2.00000000e-01 -2.00000000e-01 -7.74596669e-01]
 [ 2.00000000e-01 -2.00000000e-01 -7.74596669e-01]
 [ 2.00000000e-01  2.00000000e-01 -7.74596669e-01]
 [-2.00000000e-01  2.00000000e-01 -7.74596669e-01]
 [ 0.00000000e+00 -8.87298335e-01  5.00000000e-01]
 [ 8.87298335e-01 -1.20009281e-16  5.00000000e-01]
 [ 0.00000000e+00  8.87298335e-01  5.00000000e-01]
 [-8.87298335e-01  1.75520432e-16  5.00000000e-01]] 
Gauss Point #23	(  0.7746;   0.0000;   0.7746): 
[[ 1.87298335e-01  3.23790008e-02  1.87298335e-01]
 [-1.27016654e-02  1.00000000e-01  7.87298335e-01]
 [-1.27016654e-02 -1.00000000e-01  7.87298335e-01]
 [ 1.87298335e-01 -3.23790008e-02  1.87298335e-01]
 [ 7.87298335e-01  1.00000000e-01 -1.27016654e-02]
 [ 5.87298335e-01 -4.32379001e-01  5.87298335e-01]
 [ 5.87298335e-01  4.32379001e-01  5.87298335e-01]
 [ 7.87298335e-01 -1.00000000e-01 -1.27016654e-02]
 [-1.74596669e-01 -4.50806662e-02 -2.00000000e-01]
 [ 1.12701665e-01 -6.80235496e-17 -8.87298335e-01]
 [-1.74596669e-01  4.50806662e-02 -2.00000000e-01]
 [-1.12701665e-01  1.25123984e-17 -1.12701665e-01]
 [-2.00000000e-01 -4.50806662e-02 -1.74596669e-01]
 [ 2.00000000e-01 -3.54919334e-01 -1.37459667e+00]
 [ 2.00000000e-01  3.54919334e-01 -1.37459667e+00]
 [-2.00000000e-01  4.50806662e-02 -1.74596669e-01]
 [-1.37459667e+00 -3.54919334e-01  2.00000000e-01]
 [ 8.87298335e-01 -9.85099041e-17  8.87298335e-01]
 [-1.37459667e+00  3.54919334e-01  2.00000000e-01]
 [-8.87298335e-01  1.54021055e-16  1.12701665e-01]] 
Gauss Point #24	( -0.7746;   0.7746;   0.7746): 
[[-0.05491933 -0.05491933  0.78729833]
 [-0.25491933  0.01270167  0.25491933]
 [-0.05205634 -0.05205634  0.05205634]
 [ 0.01270167 -0.25491933  0.25491933]
 [-1.65205634 -1.65205634  1.65205634]
 [-0.78729833 -0.05491933  0.05491933]
 [-0.25491933 -0.25491933 -0.01270167]
 [-0.05491933 -0.78729833  0.05491933]
 [ 0.30983867 -0.04508067 -0.35491933]
 [ 0.04508067  0.03935467 -0.04508067]
 [ 0.03935467  0.04508067 -0.04508067]
 [-0.04508067  0.30983867 -0.35491933]
 [-0.35491933 -0.35491933 -2.43935467]
 [ 0.35491933 -0.04508067 -0.30983867]
 [ 0.04508067  0.04508067 -0.03935467]
 [-0.04508067  0.35491933 -0.30983867]
 [ 2.43935467 -0.35491933  0.35491933]
 [ 0.35491933  0.30983867  0.04508067]
 [ 0.30983867  0.35491933  0.04508067]
 [-0.35491933  2.43935467  0.35491933]] 
Gauss Point #25	(  0.0000;   0.7746;   0.7746): 
[[ 0.1         0.01270167  0.78729833]
 [-0.1         0.01270167  0.78729833]
 [-0.032379   -0.18729833  0.18729833]
 [ 0.032379   -0.18729833  0.18729833]
 [-0.432379   -0.58729833  0.58729833]
 [ 0.432379   -0.58729833  0.58729833]
 [-0.1        -0.78729833 -0.01270167]
 [ 0.1        -0.78729833 -0.01270167]
 [ 0.         -0.11270167 -0.88729833]
 [ 0.04508067  0.17459667 -0.2       ]
 [ 0.          0.11270167 -0.11270167]
 [-0.04508067  0.17459667 -0.2       ]
 [-0.35491933 -0.2        -1.37459667]
 [ 0.35491933 -0.2        -1.37459667]
 [ 0.04508067  0.2        -0.17459667]
 [-0.04508067  0.2        -0.17459667]
 [ 0.         -0.88729833  0.88729833]
 [ 0.35491933  1.37459667  0.2       ]
 [ 0.          0.88729833  0.11270167]
 [-0.35491933  1.37459667  0.2       ]] 
Gauss Point #26	(  0.7746;   0.7746;   0.7746): 
[[ 0.25491933  0.01270167  0.25491933]
 [ 0.05491933 -0.05491933  0.78729833]
 [-0.01270167 -0.25491933  0.25491933]
 [ 0.05205634 -0.05205634  0.05205634]
 [ 0.78729833 -0.05491933  0.05491933]
 [ 1.65205634 -1.65205634  1.65205634]
 [ 0.05491933 -0.78729833  0.05491933]
 [ 0.25491933 -0.25491933 -0.01270167]
 [-0.30983867 -0.04508067 -0.35491933]
 [ 0.04508067  0.30983867 -0.35491933]
 [-0.03935467  0.04508067 -0.04508067]
 [-0.04508067  0.03935467 -0.04508067]
 [-0.35491933 -0.04508067 -0.30983867]
 [ 0.35491933 -0.35491933 -2.43935467]
 [ 0.04508067  0.35491933 -0.30983867]
 [-0.04508067  0.04508067 -0.03935467]
 [-2.43935467 -0.35491933  0.35491933]
 [ 0.35491933  2.43935467  0.35491933]
 [-0.30983867  0.35491933  0.04508067]
 [-0.35491933  0.30983867  0.04508067]] 

MGE 
[-0.38390313 -0.22008547 -0.12962963 -0.19159544 -0.19159544 -0.12962963
 -0.04309117 -0.1207265   0.42450142  0.02920228  0.2037037   0.17165242
  0.17165242  0.02920228 -0.04843305  0.1039886   0.2037037  -0.04843305
  0.06552707  0.1039886  -0.10327635  0.0042735  -0.00356125 -0.0042735
 -0.02759972  0.00160256  0.02759972 -0.00160256  0.06054131 -0.01780627
 -0.01780627  0.08190883 -0.01602564  0.06089744 -0.09081197  0.04594017
  0.03561254 -0.03561254 -0.03561254  0.03561254 -0.10327635  0.0042735
  0.00160256 -0.02759972 -0.0042735  -0.00356125  0.02759972 -0.00160256
  0.06054131  0.06089744  0.03561254 -0.01602564  0.08190883 -0.01780627
 -0.03561254  0.03561254 -0.01780627 -0.09081197 -0.03561254  0.04594017] 
[-0.22008547 -0.38390313 -0.19159544 -0.12962963 -0.12962963 -0.19159544
 -0.1207265  -0.04309117  0.42450142  0.17165242  0.2037037   0.02920228
  0.02920228  0.17165242  0.1039886  -0.04843305  0.2037037   0.1039886
  0.06552707 -0.04843305 -0.0042735   0.10327635  0.0042735   0.00356125
 -0.00160256  0.02759972  0.00160256 -0.02759972 -0.06054131 -0.08190883
  0.01780627  0.01780627 -0.06089744  0.01602564 -0.04594017  0.09081197
 -0.03561254 -0.03561254  0.03561254  0.03561254 -0.0042735   0.10327635
  0.02759972 -0.00160256  0.00356125  0.0042735   0.00160256 -0.02759972
 -0.06054131  0.01602564 -0.03561254 -0.06089744  0.01780627 -0.08190883
 -0.03561254  0.03561254  0.01780627 -0.04594017  0.03561254  0.09081197] 
[-0.12962963 -0.19159544 -0.38390313 -0.22008547 -0.04309117 -0.1207265
 -0.19159544 -0.12962963  0.2037037   0.17165242  0.42450142  0.02920228
 -0.04843305  0.1039886   0.17165242  0.02920228  0.06552707  0.1039886
  0.2037037  -0.04843305 -0.00356125 -0.0042735  -0.10327635  0.0042735
  0.02759972 -0.00160256 -0.02759972  0.00160256 -0.01780627  0.08190883
  0.06054131 -0.01780627 -0.09081197  0.04594017 -0.01602564  0.06089744
 -0.03561254  0.03561254  0.03561254 -0.03561254 -0.00160256  0.02759972
  0.10327635 -0.0042735  -0.02759972  0.00160256  0.0042735   0.00356125
 -0.03561254  0.01602564 -0.06054131 -0.06089744  0.03561254 -0.03561254
 -0.08190883  0.01780627  0.03561254 -0.04594017  0.01780627  0.09081197] 
[-0.19159544 -0.12962963 -0.22008547 -0.38390313 -0.1207265  -0.04309117
 -0.12962963 -0.19159544  0.2037037   0.02920228  0.42450142  0.17165242
  0.1039886  -0.04843305  0.02920228  0.17165242  0.06552707 -0.04843305
  0.2037037   0.1039886   0.0042735   0.00356125 -0.0042735   0.10327635
  0.00160256 -0.02759972 -0.00160256  0.02759972  0.01780627  0.01780627
 -0.06054131 -0.08190883 -0.04594017  0.09081197 -0.06089744  0.01602564
  0.03561254  0.03561254 -0.03561254 -0.03561254 -0.02759972  0.00160256
  0.0042735  -0.10327635 -0.00160256  0.02759972 -0.00356125 -0.0042735
  0.03561254  0.06089744  0.06054131 -0.01602564  0.03561254 -0.03561254
 -0.01780627  0.08190883 -0.03561254 -0.09081197 -0.01780627  0.04594017] 
[-0.19159544 -0.12962963 -0.04309117 -0.1207265  -0.38390313 -0.22008547
 -0.12962963 -0.19159544  0.2037037  -0.04843305  0.06552707  0.1039886
  0.17165242  0.02920228 -0.04843305  0.1039886   0.42450142  0.02920228
  0.2037037   0.17165242 -0.02759972  0.00160256  0.02759972 -0.00160256
 -0.10327635  0.0042735  -0.00356125 -0.0042735   0.03561254 -0.03561254
 -0.03561254  0.03561254 -0.01602564  0.06089744 -0.09081197  0.04594017
  0.06054131 -0.01780627 -0.01780627  0.08190883  0.0042735   0.00356125
 -0.02759972  0.00160256  0.10327635 -0.0042735  -0.00160256  0.02759972
  0.01780627  0.09081197  0.03561254 -0.04594017 -0.08190883  0.01780627
  0.03561254 -0.03561254 -0.06054131 -0.06089744 -0.03561254  0.01602564] 
[-0.12962963 -0.19159544 -0.1207265  -0.04309117 -0.22008547 -0.38390313
 -0.19159544 -0.12962963  0.2037037   0.1039886   0.06552707 -0.04843305
  0.02920228  0.17165242  0.1039886  -0.04843305  0.42450142  0.17165242
  0.2037037   0.02920228 -0.00160256  0.02759972  0.00160256 -0.02759972
 -0.0042735   0.10327635  0.0042735   0.00356125 -0.03561254 -0.03561254
  0.03561254  0.03561254 -0.06089744  0.01602564 -0.04594017  0.09081197
 -0.06054131 -0.08190883  0.01780627  0.01780627 -0.00356125 -0.0042735
 -0.00160256  0.02759972  0.0042735  -0.10327635 -0.02759972  0.00160256
 -0.01780627  0.04594017 -0.03561254 -0.09081197 -0.01780627  0.08190883
  0.03561254 -0.03561254  0.06054131 -0.01602564  0.03561254  0.06089744] 
[-0.04309117 -0.1207265  -0.19159544 -0.12962963 -0.12962963 -0.19159544
 -0.38390313 -0.22008547  0.06552707  0.1039886   0.2037037  -0.04843305
 -0.04843305  0.1039886   0.17165242  0.02920228  0.2037037   0.17165242
  0.42450142  0.02920228  0.02759972 -0.00160256 -0.02759972  0.00160256
 -0.00356125 -0.0042735  -0.10327635  0.0042735  -0.03561254  0.03561254
  0.03561254 -0.03561254 -0.09081197  0.04594017 -0.01602564  0.06089744
 -0.01780627  0.08190883  0.06054131 -0.01780627  0.02759972 -0.00160256
 -0.0042735  -0.00356125  0.00160256 -0.02759972 -0.10327635  0.0042735
 -0.03561254  0.04594017 -0.01780627 -0.09081197 -0.03561254  0.03561254
  0.08190883 -0.01780627  0.03561254 -0.01602564  0.06054131  0.06089744] 
[-0.1207265  -0.04309117 -0.12962963 -0.19159544 -0.19159544 -0.12962963
 -0.22008547 -0.38390313  0.06552707 -0.04843305  0.2037037   0.1039886
  0.1039886  -0.04843305  0.02920228  0.17165242  0.2037037   0.02920228
  0.42450142  0.17165242  0.00160256 -0.02759972 -0.00160256  0.02759972
  0.0042735   0.00356125 -0.0042735   0.10327635  0.03561254  0.03561254
 -0.03561254 -0.03561254 -0.04594017  0.09081197 -0.06089744  0.01602564
  0.01780627  0.01780627 -0.06054131 -0.08190883  0.00160256 -0.02759972
  0.00356125  0.0042735   0.02759972 -0.00160256 -0.0042735   0.10327635
  0.03561254  0.09081197  0.01780627 -0.04594017 -0.03561254  0.03561254
  0.01780627 -0.08190883 -0.03561254 -0.06089744 -0.06054131  0.01602564] 
[ 4.24501425e-01  4.24501425e-01  2.03703704e-01  2.03703704e-01
  2.03703704e-01  2.03703704e-01  6.55270655e-02  6.55270655e-02
 -9.34472934e-01 -4.27350427e-02 -3.64672365e-01 -4.27350427e-02
 -4.27350427e-02 -4.27350427e-02  4.27350427e-02  4.27350427e-02
 -3.64672365e-01  4.27350427e-02 -1.31054131e-01  4.27350427e-02
  8.19088319e-02 -8.19088319e-02 -1.78062678e-02  1.78062678e-02
  3.56125356e-02 -3.56125356e-02 -3.56125356e-02  3.56125356e-02
  8.36130692e-17  1.42450142e-01  4.91471522e-17 -1.42450142e-01
  2.13675214e-02 -2.13675214e-02  1.06837607e-01 -1.06837607e-01
  4.36933476e-17  7.12250712e-02  2.04258335e-17 -7.12250712e-02
  8.19088319e-02 -8.19088319e-02 -3.56125356e-02  3.56125356e-02
  1.78062678e-02 -1.78062678e-02 -3.56125356e-02  3.56125356e-02
 -1.27986553e-16 -2.13675214e-02 -6.54148696e-17  2.13675214e-02
 -1.42450142e-01  1.42450142e-01  7.12250712e-02 -7.12250712e-02
 -5.58872757e-17  1.06837607e-01 -2.85908128e-17 -1.06837607e-01] 
[ 2.92022792e-02  1.71652422e-01  1.71652422e-01  2.92022792e-02
 -4.84330484e-02  1.03988604e-01  1.03988604e-01 -4.84330484e-02
 -4.27350427e-02 -5.35612536e-01 -4.27350427e-02  9.11680912e-02
  1.49572650e-01 -1.49572650e-01 -1.49572650e-01  1.49572650e-01
  4.27350427e-02 -1.65242165e-01  4.27350427e-02  9.68660969e-02
 -1.78062678e-02 -6.05413105e-02  6.05413105e-02  1.78062678e-02
 -3.56125356e-02 -3.56125356e-02  3.56125356e-02  3.56125356e-02
  1.42450142e-01  2.84783771e-17 -1.42450142e-01 -2.69424240e-17
  1.06837607e-01  2.13675214e-02 -2.13675214e-02 -1.06837607e-01
  7.12250712e-02  1.40705349e-17 -7.12250712e-02 -1.95156391e-17
  4.59401709e-02  1.60256410e-02  1.60256410e-02  4.59401709e-02
  9.08119658e-02  6.08974359e-02  6.08974359e-02  9.08119658e-02
  2.13675214e-02  1.28205128e-01  2.13675214e-02  2.56410256e-02
 -1.06837607e-01 -2.13675214e-02 -2.13675214e-02 -1.06837607e-01
 -1.06837607e-01 -2.56410256e-02 -1.06837607e-01 -1.28205128e-01] 
[ 2.03703704e-01  2.03703704e-01  4.24501425e-01  4.24501425e-01
  6.55270655e-02  6.55270655e-02  2.03703704e-01  2.03703704e-01
 -3.64672365e-01 -4.27350427e-02 -9.34472934e-01 -4.27350427e-02
  4.27350427e-02  4.27350427e-02 -4.27350427e-02 -4.27350427e-02
 -1.31054131e-01  4.27350427e-02 -3.64672365e-01  4.27350427e-02
 -1.78062678e-02  1.78062678e-02  8.19088319e-02 -8.19088319e-02
 -3.56125356e-02  3.56125356e-02  3.56125356e-02 -3.56125356e-02
  4.53490983e-17 -1.42450142e-01  9.91265299e-17  1.42450142e-01
  1.06837607e-01 -1.06837607e-01  2.13675214e-02 -2.13675214e-02
  1.93550166e-17 -7.12250712e-02  4.84919461e-17  7.12250712e-02
  3.56125356e-02 -3.56125356e-02 -8.19088319e-02  8.19088319e-02
  3.56125356e-02 -3.56125356e-02 -1.78062678e-02  1.78062678e-02
 -7.04048766e-17 -2.13675214e-02 -1.39840329e-16  2.13675214e-02
 -7.12250712e-02  7.12250712e-02  1.42450142e-01 -1.42450142e-01
 -2.67543618e-17  1.06837607e-01 -5.07634165e-17 -1.06837607e-01] 
[ 1.71652422e-01  2.92022792e-02  2.92022792e-02  1.71652422e-01
  1.03988604e-01 -4.84330484e-02 -4.84330484e-02  1.03988604e-01
 -4.27350427e-02  9.11680912e-02 -4.27350427e-02 -5.35612536e-01
 -1.49572650e-01  1.49572650e-01  1.49572650e-01 -1.49572650e-01
  4.27350427e-02  9.68660969e-02  4.27350427e-02 -1.65242165e-01
  6.05413105e-02  1.78062678e-02 -1.78062678e-02 -6.05413105e-02
  3.56125356e-02  3.56125356e-02 -3.56125356e-02 -3.56125356e-02
 -1.42450142e-01 -2.86651008e-17  1.42450142e-01  2.91770851e-17
 -2.13675214e-02 -1.06837607e-01  1.06837607e-01  2.13675214e-02
 -7.12250712e-02 -8.38449680e-18  7.12250712e-02  1.40705349e-17
 -1.60256410e-02 -4.59401709e-02 -4.59401709e-02 -1.60256410e-02
 -6.08974359e-02 -9.08119658e-02 -9.08119658e-02 -6.08974359e-02
 -2.13675214e-02 -2.56410256e-02 -2.13675214e-02 -1.28205128e-01
  2.13675214e-02  1.06837607e-01  1.06837607e-01  2.13675214e-02
  1.06837607e-01  1.28205128e-01  1.06837607e-01  2.56410256e-02] 
[ 1.71652422e-01  2.92022792e-02 -4.84330484e-02  1.03988604e-01
  1.71652422e-01  2.92022792e-02 -4.84330484e-02  1.03988604e-01
 -4.27350427e-02  1.49572650e-01  4.27350427e-02 -1.49572650e-01
 -5.35612536e-01  9.11680912e-02  9.68660969e-02 -1.65242165e-01
 -4.27350427e-02  1.49572650e-01  4.27350427e-02 -1.49572650e-01
 -1.60256410e-02 -4.59401709e-02 -9.08119658e-02 -6.08974359e-02
 -1.60256410e-02 -4.59401709e-02 -9.08119658e-02 -6.08974359e-02
 -2.13675214e-02  1.06837607e-01  1.06837607e-01  2.13675214e-02
 -1.28205128e-01 -2.56410256e-02  1.28205128e-01  2.56410256e-02
 -2.13675214e-02  1.06837607e-01  1.06837607e-01  2.13675214e-02
  6.05413105e-02  1.78062678e-02  3.56125356e-02  3.56125356e-02
 -6.05413105e-02 -1.78062678e-02 -3.56125356e-02 -3.56125356e-02
 -1.42450142e-01 -1.06837607e-01 -7.12250712e-02 -2.13675214e-02
 -5.55111512e-17  3.46944695e-17  4.59701721e-17 -6.93889390e-18
  1.42450142e-01  1.06837607e-01  7.12250712e-02  2.13675214e-02] 
[ 2.92022792e-02  1.71652422e-01  1.03988604e-01 -4.84330484e-02
  2.92022792e-02  1.71652422e-01  1.03988604e-01 -4.84330484e-02
 -4.27350427e-02 -1.49572650e-01  4.27350427e-02  1.49572650e-01
  9.11680912e-02 -5.35612536e-01 -1.65242165e-01  9.68660969e-02
 -4.27350427e-02 -1.49572650e-01  4.27350427e-02  1.49572650e-01
  4.59401709e-02  1.60256410e-02  6.08974359e-02  9.08119658e-02
  4.59401709e-02  1.60256410e-02  6.08974359e-02  9.08119658e-02
  2.13675214e-02 -2.13675214e-02 -1.06837607e-01 -1.06837607e-01
  2.56410256e-02  1.28205128e-01 -2.56410256e-02 -1.28205128e-01
  2.13675214e-02 -2.13675214e-02 -1.06837607e-01 -1.06837607e-01
 -1.78062678e-02 -6.05413105e-02 -3.56125356e-02 -3.56125356e-02
  1.78062678e-02  6.05413105e-02  3.56125356e-02  3.56125356e-02
  1.42450142e-01  2.13675214e-02  7.12250712e-02  1.06837607e-01
  4.51028104e-17 -2.08166817e-17 -2.42861287e-17 -7.80625564e-18
 -1.42450142e-01 -2.13675214e-02 -7.12250712e-02 -1.06837607e-01] 
[-4.84330484e-02  1.03988604e-01  1.71652422e-01  2.92022792e-02
 -4.84330484e-02  1.03988604e-01  1.71652422e-01  2.92022792e-02
  4.27350427e-02 -1.49572650e-01 -4.27350427e-02  1.49572650e-01
  9.68660969e-02 -1.65242165e-01 -5.35612536e-01  9.11680912e-02
  4.27350427e-02 -1.49572650e-01 -4.27350427e-02  1.49572650e-01
 -9.08119658e-02 -6.08974359e-02 -1.60256410e-02 -4.59401709e-02
 -9.08119658e-02 -6.08974359e-02 -1.60256410e-02 -4.59401709e-02
  1.06837607e-01  2.13675214e-02 -2.13675214e-02  1.06837607e-01
  1.28205128e-01  2.56410256e-02 -1.28205128e-01 -2.56410256e-02
  1.06837607e-01  2.13675214e-02 -2.13675214e-02  1.06837607e-01
 -3.56125356e-02 -3.56125356e-02 -6.05413105e-02 -1.78062678e-02
  3.56125356e-02  3.56125356e-02  6.05413105e-02  1.78062678e-02
  7.12250712e-02  2.13675214e-02  1.42450142e-01  1.06837607e-01
  4.51028104e-17 -1.38777878e-17 -6.24500451e-17  3.12250226e-17
 -7.12250712e-02 -2.13675214e-02 -1.42450142e-01 -1.06837607e-01] 
[ 1.03988604e-01 -4.84330484e-02  2.92022792e-02  1.71652422e-01
  1.03988604e-01 -4.84330484e-02  2.92022792e-02  1.71652422e-01
  4.27350427e-02  1.49572650e-01 -4.27350427e-02 -1.49572650e-01
 -1.65242165e-01  9.68660969e-02  9.11680912e-02 -5.35612536e-01
  4.27350427e-02  1.49572650e-01 -4.27350427e-02 -1.49572650e-01
  6.08974359e-02  9.08119658e-02  4.59401709e-02  1.60256410e-02
  6.08974359e-02  9.08119658e-02  4.59401709e-02  1.60256410e-02
 -1.06837607e-01 -1.06837607e-01  2.13675214e-02 -2.13675214e-02
 -2.56410256e-02 -1.28205128e-01  2.56410256e-02  1.28205128e-01
 -1.06837607e-01 -1.06837607e-01  2.13675214e-02 -2.13675214e-02
  3.56125356e-02  3.56125356e-02  1.78062678e-02  6.05413105e-02
 -3.56125356e-02 -3.56125356e-02 -1.78062678e-02 -6.05413105e-02
 -7.12250712e-02 -1.06837607e-01 -1.42450142e-01 -2.13675214e-02
 -2.08166817e-17 -6.07153217e-18  4.51028104e-17 -6.93889390e-18
  7.12250712e-02  1.06837607e-01  1.42450142e-01  2.13675214e-02] 
[ 2.03703704e-01  2.03703704e-01  6.55270655e-02  6.55270655e-02
  4.24501425e-01  4.24501425e-01  2.03703704e-01  2.03703704e-01
 -3.64672365e-01  4.27350427e-02 -1.31054131e-01  4.27350427e-02
 -4.27350427e-02 -4.27350427e-02  4.27350427e-02  4.27350427e-02
 -9.34472934e-01 -4.27350427e-02 -3.64672365e-01 -4.27350427e-02
  3.56125356e-02 -3.56125356e-02 -3.56125356e-02  3.56125356e-02
  8.19088319e-02 -8.19088319e-02 -1.78062678e-02  1.78062678e-02
  4.51389504e-17  7.12250712e-02  1.99439659e-17 -7.12250712e-02
  2.13675214e-02 -2.13675214e-02  1.06837607e-01 -1.06837607e-01
  9.99396816e-17  1.42450142e-01  4.53089426e-17 -1.42450142e-01
 -1.78062678e-02  1.78062678e-02  3.56125356e-02 -3.56125356e-02
 -8.19088319e-02  8.19088319e-02  3.56125356e-02 -3.56125356e-02
 -5.11850507e-17 -1.06837607e-01 -2.71291477e-17  1.06837607e-01
  1.42450142e-01 -1.42450142e-01 -7.12250712e-02  7.12250712e-02
 -1.38458306e-16  2.13675214e-02 -6.48031654e-17 -2.13675214e-02] 
[-4.84330484e-02  1.03988604e-01  1.03988604e-01 -4.84330484e-02
  2.92022792e-02  1.71652422e-01  1.71652422e-01  2.92022792e-02
  4.27350427e-02 -1.65242165e-01  4.27350427e-02  9.68660969e-02
  1.49572650e-01 -1.49572650e-01 -1.49572650e-01  1.49572650e-01
 -4.27350427e-02 -5.35612536e-01 -4.27350427e-02  9.11680912e-02
 -3.56125356e-02 -3.56125356e-02  3.56125356e-02  3.56125356e-02
 -1.78062678e-02 -6.05413105e-02  6.05413105e-02  1.78062678e-02
  7.12250712e-02  1.81182230e-17 -7.12250712e-02 -7.61350859e-18
  1.06837607e-01  2.13675214e-02 -2.13675214e-02 -1.06837607e-01
  1.42450142e-01  2.45511559e-17 -1.42450142e-01 -2.50480819e-17
 -9.08119658e-02 -6.08974359e-02 -6.08974359e-02 -9.08119658e-02
 -4.59401709e-02 -1.60256410e-02 -1.60256410e-02 -4.59401709e-02
  1.06837607e-01  2.56410256e-02  1.06837607e-01  1.28205128e-01
  1.06837607e-01  2.13675214e-02  2.13675214e-02  1.06837607e-01
 -2.13675214e-02 -1.28205128e-01 -2.13675214e-02 -2.56410256e-02] 
[ 6.55270655e-02  6.55270655e-02  2.03703704e-01  2.03703704e-01
  2.03703704e-01  2.03703704e-01  4.24501425e-01  4.24501425e-01
 -1.31054131e-01  4.27350427e-02 -3.64672365e-01  4.27350427e-02
  4.27350427e-02  4.27350427e-02 -4.27350427e-02 -4.27350427e-02
 -3.64672365e-01 -4.27350427e-02 -9.34472934e-01 -4.27350427e-02
 -3.56125356e-02  3.56125356e-02  3.56125356e-02 -3.56125356e-02
 -1.78062678e-02  1.78062678e-02  8.19088319e-02 -8.19088319e-02
  1.99975067e-17 -7.12250712e-02  4.70463432e-17  7.12250712e-02
  1.06837607e-01 -1.06837607e-01  2.13675214e-02 -2.13675214e-02
  4.76480084e-17 -1.42450142e-01  8.65184968e-17  1.42450142e-01
 -3.56125356e-02  3.56125356e-02  1.78062678e-02 -1.78062678e-02
 -3.56125356e-02  3.56125356e-02  8.19088319e-02 -8.19088319e-02
 -2.87782058e-17 -1.06837607e-01 -5.62754468e-17  1.06837607e-01
  7.12250712e-02 -7.12250712e-02 -1.42450142e-01  1.42450142e-01
 -6.22559596e-17  2.13675214e-02 -1.25081125e-16 -2.13675214e-02] 
[ 1.03988604e-01 -4.84330484e-02 -4.84330484e-02  1.03988604e-01
  1.71652422e-01  2.92022792e-02  2.92022792e-02  1.71652422e-01
  4.27350427e-02  9.68660969e-02  4.27350427e-02 -1.65242165e-01
 -1.49572650e-01  1.49572650e-01  1.49572650e-01 -1.49572650e-01
 -4.27350427e-02  9.11680912e-02 -4.27350427e-02 -5.35612536e-01
  3.56125356e-02  3.56125356e-02 -3.56125356e-02 -3.56125356e-02
  6.05413105e-02  1.78062678e-02 -1.78062678e-02 -6.05413105e-02
 -7.12250712e-02 -2.04070942e-17  7.12250712e-02  9.05911149e-18
 -2.13675214e-02 -1.06837607e-01  1.06837607e-01  2.13675214e-02
 -1.42450142e-01 -2.57859417e-17  1.42450142e-01  2.52739573e-17
  6.08974359e-02  9.08119658e-02  9.08119658e-02  6.08974359e-02
  1.60256410e-02  4.59401709e-02  4.59401709e-02  1.60256410e-02
 -1.06837607e-01 -1.28205128e-01 -1.06837607e-01 -2.56410256e-02
 -2.13675214e-02 -1.06837607e-01 -1.06837607e-01 -2.13675214e-02
  2.13675214e-02  2.56410256e-02  2.13675214e-02  1.28205128e-01] 
[-0.10327635  0.0042735  -0.00356125 -0.0042735  -0.02759972  0.00160256
  0.02759972 -0.00160256  0.06054131 -0.01780627 -0.01780627  0.08190883
 -0.01602564  0.06089744 -0.09081197  0.04594017  0.03561254 -0.03561254
 -0.03561254  0.03561254 -0.38390313 -0.19159544 -0.12962963 -0.22008547
 -0.19159544 -0.1207265  -0.04309117 -0.12962963  0.17165242  0.2037037
  0.02920228  0.42450142  0.17165242  0.1039886  -0.04843305  0.02920228
  0.1039886   0.06552707 -0.04843305  0.2037037  -0.10327635 -0.02759972
  0.00160256  0.0042735  -0.0042735  -0.00160256  0.02759972 -0.00356125
 -0.01602564  0.03561254  0.06089744  0.06054131  0.08190883  0.03561254
 -0.03561254 -0.01780627  0.04594017 -0.03561254 -0.09081197 -0.01780627] 
[-0.0042735   0.10327635  0.0042735   0.00356125 -0.00160256  0.02759972
  0.00160256 -0.02759972 -0.06054131 -0.08190883  0.01780627  0.01780627
 -0.06089744  0.01602564 -0.04594017  0.09081197 -0.03561254 -0.03561254
  0.03561254  0.03561254 -0.19159544 -0.38390313 -0.22008547 -0.12962963
 -0.1207265  -0.19159544 -0.12962963 -0.04309117  0.17165242  0.42450142
  0.02920228  0.2037037   0.1039886   0.17165242  0.02920228 -0.04843305
  0.1039886   0.2037037  -0.04843305  0.06552707 -0.02759972 -0.10327635
  0.0042735   0.00160256 -0.00160256 -0.0042735  -0.00356125  0.02759972
 -0.01602564  0.06054131  0.06089744  0.03561254  0.03561254  0.08190883
 -0.01780627 -0.03561254  0.04594017 -0.01780627 -0.09081197 -0.03561254] 
[-0.00356125 -0.0042735  -0.10327635  0.0042735   0.02759972 -0.00160256
 -0.02759972  0.00160256 -0.01780627  0.08190883  0.06054131 -0.01780627
 -0.09081197  0.04594017 -0.01602564  0.06089744 -0.03561254  0.03561254
  0.03561254 -0.03561254 -0.12962963 -0.22008547 -0.38390313 -0.19159544
 -0.04309117 -0.12962963 -0.19159544 -0.1207265   0.02920228  0.42450142
  0.17165242  0.2037037  -0.04843305  0.02920228  0.17165242  0.1039886
 -0.04843305  0.2037037   0.1039886   0.06552707 -0.00160256 -0.0042735
  0.10327635  0.02759972 -0.02759972  0.00356125  0.0042735   0.00160256
 -0.06089744 -0.06054131  0.01602564 -0.03561254  0.03561254  0.01780627
 -0.08190883 -0.03561254  0.09081197  0.01780627 -0.04594017  0.03561254] 
[ 0.0042735   0.00356125 -0.0042735   0.10327635  0.00160256 -0.02759972
 -0.00160256  0.02759972  0.01780627  0.01780627 -0.06054131 -0.08190883
 -0.04594017  0.09081197 -0.06089744  0.01602564  0.03561254  0.03561254
 -0.03561254 -0.03561254 -0.22008547 -0.12962963 -0.19159544 -0.38390313
 -0.12962963 -0.04309117 -0.1207265  -0.19159544  0.02920228  0.2037037
  0.17165242  0.42450142  0.02920228 -0.04843305  0.1039886   0.17165242
 -0.04843305  0.06552707  0.1039886   0.2037037  -0.0042735  -0.00160256
  0.02759972  0.10327635  0.00356125 -0.02759972  0.00160256  0.0042735
 -0.06089744 -0.03561254  0.01602564 -0.06054131  0.01780627  0.03561254
 -0.03561254 -0.08190883  0.09081197  0.03561254 -0.04594017  0.01780627] 
[-0.02759972  0.00160256  0.02759972 -0.00160256 -0.10327635  0.0042735
 -0.00356125 -0.0042735   0.03561254 -0.03561254 -0.03561254  0.03561254
 -0.01602564  0.06089744 -0.09081197  0.04594017  0.06054131 -0.01780627
 -0.01780627  0.08190883 -0.19159544 -0.1207265  -0.04309117 -0.12962963
 -0.38390313 -0.19159544 -0.12962963 -0.22008547  0.1039886   0.06552707
 -0.04843305  0.2037037   0.17165242  0.1039886  -0.04843305  0.02920228
  0.17165242  0.2037037   0.02920228  0.42450142  0.0042735   0.00160256
 -0.02759972  0.00356125  0.10327635  0.02759972 -0.00160256 -0.0042735
 -0.04594017  0.03561254  0.09081197  0.01780627 -0.08190883 -0.03561254
  0.03561254  0.01780627  0.01602564 -0.03561254 -0.06089744 -0.06054131] 
[-0.00160256  0.02759972  0.00160256 -0.02759972 -0.0042735   0.10327635
  0.0042735   0.00356125 -0.03561254 -0.03561254  0.03561254  0.03561254
 -0.06089744  0.01602564 -0.04594017  0.09081197 -0.06054131 -0.08190883
  0.01780627  0.01780627 -0.1207265  -0.19159544 -0.12962963 -0.04309117
 -0.19159544 -0.38390313 -0.22008547 -0.12962963  0.1039886   0.2037037
 -0.04843305  0.06552707  0.1039886   0.17165242  0.02920228 -0.04843305
  0.17165242  0.42450142  0.02920228  0.2037037   0.00160256  0.0042735
  0.00356125 -0.02759972  0.02759972  0.10327635 -0.0042735  -0.00160256
 -0.04594017  0.01780627  0.09081197  0.03561254 -0.03561254 -0.08190883
  0.01780627  0.03561254  0.01602564 -0.06054131 -0.06089744 -0.03561254] 
[ 0.02759972 -0.00160256 -0.02759972  0.00160256 -0.00356125 -0.0042735
 -0.10327635  0.0042735  -0.03561254  0.03561254  0.03561254 -0.03561254
 -0.09081197  0.04594017 -0.01602564  0.06089744 -0.01780627  0.08190883
  0.06054131 -0.01780627 -0.04309117 -0.12962963 -0.19159544 -0.1207265
 -0.12962963 -0.22008547 -0.38390313 -0.19159544 -0.04843305  0.2037037
  0.1039886   0.06552707 -0.04843305  0.02920228  0.17165242  0.1039886
  0.02920228  0.42450142  0.17165242  0.2037037   0.02759972 -0.00356125
 -0.0042735  -0.00160256  0.00160256  0.0042735  -0.10327635 -0.02759972
 -0.09081197 -0.01780627  0.04594017 -0.03561254 -0.03561254 -0.01780627
  0.08190883  0.03561254  0.06089744  0.06054131 -0.01602564  0.03561254] 
[ 0.00160256 -0.02759972 -0.00160256  0.02759972  0.0042735   0.00356125
 -0.0042735   0.10327635  0.03561254  0.03561254 -0.03561254 -0.03561254
 -0.04594017  0.09081197 -0.06089744  0.01602564  0.01780627  0.01780627
 -0.06054131 -0.08190883 -0.12962963 -0.04309117 -0.1207265  -0.19159544
 -0.22008547 -0.12962963 -0.19159544 -0.38390313 -0.04843305  0.06552707
  0.1039886   0.2037037   0.02920228 -0.04843305  0.1039886   0.17165242
  0.02920228  0.2037037   0.17165242  0.42450142 -0.00356125  0.02759972
 -0.00160256 -0.0042735   0.0042735   0.00160256 -0.02759972 -0.10327635
 -0.09081197 -0.03561254  0.04594017 -0.01780627 -0.01780627 -0.03561254
  0.03561254  0.08190883  0.06089744  0.03561254 -0.01602564  0.06054131] 
[ 8.19088319e-02 -8.19088319e-02 -1.78062678e-02  1.78062678e-02
  3.56125356e-02 -3.56125356e-02 -3.56125356e-02  3.56125356e-02
  8.36130692e-17  1.42450142e-01  4.91471522e-17 -1.42450142e-01
  2.13675214e-02 -2.13675214e-02  1.06837607e-01 -1.06837607e-01
  4.36933476e-17  7.12250712e-02  2.04258335e-17 -7.12250712e-02
  1.71652422e-01  1.71652422e-01  2.92022792e-02  2.92022792e-02
  1.03988604e-01  1.03988604e-01 -4.84330484e-02 -4.84330484e-02
 -5.35612536e-01 -4.27350427e-02  9.11680912e-02 -4.27350427e-02
 -1.49572650e-01 -1.49572650e-01  1.49572650e-01  1.49572650e-01
 -1.65242165e-01  4.27350427e-02  9.68660969e-02  4.27350427e-02
 -1.60256410e-02 -1.60256410e-02 -4.59401709e-02 -4.59401709e-02
 -6.08974359e-02 -6.08974359e-02 -9.08119658e-02 -9.08119658e-02
 -1.28205128e-01 -2.13675214e-02 -2.56410256e-02 -2.13675214e-02
  2.13675214e-02  2.13675214e-02  1.06837607e-01  1.06837607e-01
  2.56410256e-02  1.06837607e-01  1.28205128e-01  1.06837607e-01] 
[-1.78062678e-02 -6.05413105e-02  6.05413105e-02  1.78062678e-02
 -3.56125356e-02 -3.56125356e-02  3.56125356e-02  3.56125356e-02
  1.42450142e-01  2.84783771e-17 -1.42450142e-01 -2.69424240e-17
  1.06837607e-01  2.13675214e-02 -2.13675214e-02 -1.06837607e-01
  7.12250712e-02  1.40705349e-17 -7.12250712e-02 -1.95156391e-17
  2.03703704e-01  4.24501425e-01  4.24501425e-01  2.03703704e-01
  6.55270655e-02  2.03703704e-01  2.03703704e-01  6.55270655e-02
 -4.27350427e-02 -9.34472934e-01 -4.27350427e-02 -3.64672365e-01
  4.27350427e-02 -4.27350427e-02 -4.27350427e-02  4.27350427e-02
  4.27350427e-02 -3.64672365e-01  4.27350427e-02 -1.31054131e-01
  3.56125356e-02  8.19088319e-02 -8.19088319e-02 -3.56125356e-02
  3.56125356e-02  1.78062678e-02 -1.78062678e-02 -3.56125356e-02
  2.13675214e-02 -1.56221486e-16 -2.13675214e-02 -7.32920669e-17
 -7.12250712e-02 -1.42450142e-01  1.42450142e-01  7.12250712e-02
 -1.06837607e-01 -5.12707161e-17  1.06837607e-01 -3.46944695e-18] 
[-1.78062678e-02  1.78062678e-02  8.19088319e-02 -8.19088319e-02
 -3.56125356e-02  3.56125356e-02  3.56125356e-02 -3.56125356e-02
  4.53490983e-17 -1.42450142e-01  9.91265299e-17  1.42450142e-01
  1.06837607e-01 -1.06837607e-01  2.13675214e-02 -2.13675214e-02
  1.93550166e-17 -7.12250712e-02  4.84919461e-17  7.12250712e-02
  2.92022792e-02  2.92022792e-02  1.71652422e-01  1.71652422e-01
 -4.84330484e-02 -4.84330484e-02  1.03988604e-01  1.03988604e-01
  9.11680912e-02 -4.27350427e-02 -5.35612536e-01 -4.27350427e-02
  1.49572650e-01  1.49572650e-01 -1.49572650e-01 -1.49572650e-01
  9.68660969e-02  4.27350427e-02 -1.65242165e-01  4.27350427e-02
  4.59401709e-02  4.59401709e-02  1.60256410e-02  1.60256410e-02
  9.08119658e-02  9.08119658e-02  6.08974359e-02  6.08974359e-02
  2.56410256e-02  2.13675214e-02  1.28205128e-01  2.13675214e-02
 -1.06837607e-01 -1.06837607e-01 -2.13675214e-02 -2.13675214e-02
 -1.28205128e-01 -1.06837607e-01 -2.56410256e-02 -1.06837607e-01] 
[ 6.05413105e-02  1.78062678e-02 -1.78062678e-02 -6.05413105e-02
  3.56125356e-02  3.56125356e-02 -3.56125356e-02 -3.56125356e-02
 -1.42450142e-01 -2.86651008e-17  1.42450142e-01  2.91770851e-17
 -2.13675214e-02 -1.06837607e-01  1.06837607e-01  2.13675214e-02
 -7.12250712e-02 -8.38449680e-18  7.12250712e-02  1.40705349e-17
  4.24501425e-01  2.03703704e-01  2.03703704e-01  4.24501425e-01
  2.03703704e-01  6.55270655e-02  6.55270655e-02  2.03703704e-01
 -4.27350427e-02 -3.64672365e-01 -4.27350427e-02 -9.34472934e-01
 -4.27350427e-02  4.27350427e-02  4.27350427e-02 -4.27350427e-02
  4.27350427e-02 -1.31054131e-01  4.27350427e-02 -3.64672365e-01
  8.19088319e-02  3.56125356e-02 -3.56125356e-02 -8.19088319e-02
  1.78062678e-02  3.56125356e-02 -3.56125356e-02 -1.78062678e-02
  2.13675214e-02 -6.84252038e-17 -2.13675214e-02 -1.09094832e-16
 -1.42450142e-01 -7.12250712e-02  7.12250712e-02  1.42450142e-01
 -1.06837607e-01 -4.52955574e-17  1.06837607e-01 -5.89805982e-17] 
[-1.60256410e-02 -4.59401709e-02 -9.08119658e-02 -6.08974359e-02
 -1.60256410e-02 -4.59401709e-02 -9.08119658e-02 -6.08974359e-02
 -2.13675214e-02  1.06837607e-01  1.06837607e-01  2.13675214e-02
 -1.28205128e-01 -2.56410256e-02  1.28205128e-01  2.56410256e-02
 -2.13675214e-02  1.06837607e-01  1.06837607e-01  2.13675214e-02
  1.71652422e-01  1.03988604e-01 -4.84330484e-02  2.92022792e-02
  1.71652422e-01  1.03988604e-01 -4.84330484e-02  2.92022792e-02
 -1.49572650e-01  4.27350427e-02  1.49572650e-01 -4.27350427e-02
 -5.35612536e-01 -1.65242165e-01  9.68660969e-02  9.11680912e-02
 -1.49572650e-01  4.27350427e-02  1.49572650e-01 -4.27350427e-02
  6.05413105e-02  3.56125356e-02  3.56125356e-02  1.78062678e-02
 -6.05413105e-02 -3.56125356e-02 -3.56125356e-02 -1.78062678e-02
 -2.13675214e-02 -7.12250712e-02 -1.06837607e-01 -1.42450142e-01
 -9.02056208e-17 -3.12250226e-17  3.81639165e-17  1.73472348e-17
  2.13675214e-02  7.12250712e-02  1.06837607e-01  1.42450142e-01] 
[ 4.59401709e-02  1.60256410e-02  6.08974359e-02  9.08119658e-02
  4.59401709e-02  1.60256410e-02  6.08974359e-02  9.08119658e-02
  2.13675214e-02 -2.13675214e-02 -1.06837607e-01 -1.06837607e-01
  2.56410256e-02  1.28205128e-01 -2.56410256e-02 -1.28205128e-01
  2.13675214e-02 -2.13675214e-02 -1.06837607e-01 -1.06837607e-01
  1.03988604e-01  1.71652422e-01  2.92022792e-02 -4.84330484e-02
  1.03988604e-01  1.71652422e-01  2.92022792e-02 -4.84330484e-02
 -1.49572650e-01 -4.27350427e-02  1.49572650e-01  4.27350427e-02
 -1.65242165e-01 -5.35612536e-01  9.11680912e-02  9.68660969e-02
 -1.49572650e-01 -4.27350427e-02  1.49572650e-01  4.27350427e-02
  3.56125356e-02  6.05413105e-02  1.78062678e-02  3.56125356e-02
 -3.56125356e-02 -6.05413105e-02 -1.78062678e-02 -3.56125356e-02
 -2.13675214e-02 -1.42450142e-01 -1.06837607e-01 -7.12250712e-02
 -3.46944695e-17 -6.93889390e-18  2.77555756e-17 -1.47451495e-17
  2.13675214e-02  1.42450142e-01  1.06837607e-01  7.12250712e-02] 
[-9.08119658e-02 -6.08974359e-02 -1.60256410e-02 -4.59401709e-02
 -9.08119658e-02 -6.08974359e-02 -1.60256410e-02 -4.59401709e-02
  1.06837607e-01  2.13675214e-02 -2.13675214e-02  1.06837607e-01
  1.28205128e-01  2.56410256e-02 -1.28205128e-01 -2.56410256e-02
  1.06837607e-01  2.13675214e-02 -2.13675214e-02  1.06837607e-01
 -4.84330484e-02  2.92022792e-02  1.71652422e-01  1.03988604e-01
 -4.84330484e-02  2.92022792e-02  1.71652422e-01  1.03988604e-01
  1.49572650e-01 -4.27350427e-02 -1.49572650e-01  4.27350427e-02
  9.68660969e-02  9.11680912e-02 -5.35612536e-01 -1.65242165e-01
  1.49572650e-01 -4.27350427e-02 -1.49572650e-01  4.27350427e-02
 -3.56125356e-02 -1.78062678e-02 -6.05413105e-02 -3.56125356e-02
  3.56125356e-02  1.78062678e-02  6.05413105e-02  3.56125356e-02
  1.06837607e-01  1.42450142e-01  2.13675214e-02  7.12250712e-02
  3.72965547e-17  1.04083409e-17 -9.71445147e-17 -2.77555756e-17
 -1.06837607e-01 -1.42450142e-01 -2.13675214e-02 -7.12250712e-02] 
[ 6.08974359e-02  9.08119658e-02  4.59401709e-02  1.60256410e-02
  6.08974359e-02  9.08119658e-02  4.59401709e-02  1.60256410e-02
 -1.06837607e-01 -1.06837607e-01  2.13675214e-02 -2.13675214e-02
 -2.56410256e-02 -1.28205128e-01  2.56410256e-02  1.28205128e-01
 -1.06837607e-01 -1.06837607e-01  2.13675214e-02 -2.13675214e-02
  2.92022792e-02 -4.84330484e-02  1.03988604e-01  1.71652422e-01
  2.92022792e-02 -4.84330484e-02  1.03988604e-01  1.71652422e-01
  1.49572650e-01  4.27350427e-02 -1.49572650e-01 -4.27350427e-02
  9.11680912e-02  9.68660969e-02 -1.65242165e-01 -5.35612536e-01
  1.49572650e-01  4.27350427e-02 -1.49572650e-01 -4.27350427e-02
 -1.78062678e-02 -3.56125356e-02 -3.56125356e-02 -6.05413105e-02
  1.78062678e-02  3.56125356e-02  3.56125356e-02  6.05413105e-02
  1.06837607e-01  7.12250712e-02  2.13675214e-02  1.42450142e-01
  2.42861287e-17 -1.38777878e-17 -4.16333634e-17 -2.08166817e-17
 -1.06837607e-01 -7.12250712e-02 -2.13675214e-02 -1.42450142e-01] 
[ 3.56125356e-02 -3.56125356e-02 -3.56125356e-02  3.56125356e-02
  8.19088319e-02 -8.19088319e-02 -1.78062678e-02  1.78062678e-02
  4.51389504e-17  7.12250712e-02  1.99439659e-17 -7.12250712e-02
  2.13675214e-02 -2.13675214e-02  1.06837607e-01 -1.06837607e-01
  9.99396816e-17  1.42450142e-01  4.53089426e-17 -1.42450142e-01
  1.03988604e-01  1.03988604e-01 -4.84330484e-02 -4.84330484e-02
  1.71652422e-01  1.71652422e-01  2.92022792e-02  2.92022792e-02
 -1.65242165e-01  4.27350427e-02  9.68660969e-02  4.27350427e-02
 -1.49572650e-01 -1.49572650e-01  1.49572650e-01  1.49572650e-01
 -5.35612536e-01 -4.27350427e-02  9.11680912e-02 -4.27350427e-02
  6.08974359e-02  6.08974359e-02  9.08119658e-02  9.08119658e-02
  1.60256410e-02  1.60256410e-02  4.59401709e-02  4.59401709e-02
 -2.56410256e-02 -1.06837607e-01 -1.28205128e-01 -1.06837607e-01
 -2.13675214e-02 -2.13675214e-02 -1.06837607e-01 -1.06837607e-01
  1.28205128e-01  2.13675214e-02  2.56410256e-02  2.13675214e-02] 
[-3.56125356e-02 -3.56125356e-02  3.56125356e-02  3.56125356e-02
 -1.78062678e-02 -6.05413105e-02  6.05413105e-02  1.78062678e-02
  7.12250712e-02  1.81182230e-17 -7.12250712e-02 -7.61350859e-18
  1.06837607e-01  2.13675214e-02 -2.13675214e-02 -1.06837607e-01
  1.42450142e-01  2.45511559e-17 -1.42450142e-01 -2.50480819e-17
  6.55270655e-02  2.03703704e-01  2.03703704e-01  6.55270655e-02
  2.03703704e-01  4.24501425e-01  4.24501425e-01  2.03703704e-01
  4.27350427e-02 -3.64672365e-01  4.27350427e-02 -1.31054131e-01
  4.27350427e-02 -4.27350427e-02 -4.27350427e-02  4.27350427e-02
 -4.27350427e-02 -9.34472934e-01 -4.27350427e-02 -3.64672365e-01
 -3.56125356e-02 -1.78062678e-02  1.78062678e-02  3.56125356e-02
 -3.56125356e-02 -8.19088319e-02  8.19088319e-02  3.56125356e-02
  1.06837607e-01 -6.43775157e-17 -1.06837607e-01 -4.70302809e-17
  7.12250712e-02  1.42450142e-01 -1.42450142e-01 -7.12250712e-02
 -2.13675214e-02 -1.06010879e-16  2.13675214e-02 -6.36547142e-17] 
[-3.56125356e-02  3.56125356e-02  3.56125356e-02 -3.56125356e-02
 -1.78062678e-02  1.78062678e-02  8.19088319e-02 -8.19088319e-02
  1.99975067e-17 -7.12250712e-02  4.70463432e-17  7.12250712e-02
  1.06837607e-01 -1.06837607e-01  2.13675214e-02 -2.13675214e-02
  4.76480084e-17 -1.42450142e-01  8.65184968e-17  1.42450142e-01
 -4.84330484e-02 -4.84330484e-02  1.03988604e-01  1.03988604e-01
  2.92022792e-02  2.92022792e-02  1.71652422e-01  1.71652422e-01
  9.68660969e-02  4.27350427e-02 -1.65242165e-01  4.27350427e-02
  1.49572650e-01  1.49572650e-01 -1.49572650e-01 -1.49572650e-01
  9.11680912e-02 -4.27350427e-02 -5.35612536e-01 -4.27350427e-02
 -9.08119658e-02 -9.08119658e-02 -6.08974359e-02 -6.08974359e-02
 -4.59401709e-02 -4.59401709e-02 -1.60256410e-02 -1.60256410e-02
  1.28205128e-01  1.06837607e-01  2.56410256e-02  1.06837607e-01
  1.06837607e-01  1.06837607e-01  2.13675214e-02  2.13675214e-02
 -2.56410256e-02 -2.13675214e-02 -1.28205128e-01 -2.13675214e-02] 
[ 3.56125356e-02  3.56125356e-02 -3.56125356e-02 -3.56125356e-02
  6.05413105e-02  1.78062678e-02 -1.78062678e-02 -6.05413105e-02
 -7.12250712e-02 -2.04070942e-17  7.12250712e-02  9.05911149e-18
 -2.13675214e-02 -1.06837607e-01  1.06837607e-01  2.13675214e-02
 -1.42450142e-01 -2.57859417e-17  1.42450142e-01  2.52739573e-17
  2.03703704e-01  6.55270655e-02  6.55270655e-02  2.03703704e-01
  4.24501425e-01  2.03703704e-01  2.03703704e-01  4.24501425e-01
  4.27350427e-02 -1.31054131e-01  4.27350427e-02 -3.64672365e-01
 -4.27350427e-02  4.27350427e-02  4.27350427e-02 -4.27350427e-02
 -4.27350427e-02 -3.64672365e-01 -4.27350427e-02 -9.34472934e-01
 -1.78062678e-02 -3.56125356e-02  3.56125356e-02  1.78062678e-02
 -8.19088319e-02 -3.56125356e-02  3.56125356e-02  8.19088319e-02
  1.06837607e-01 -7.13164096e-18 -1.06837607e-01 -5.12707161e-17
  1.42450142e-01  7.12250712e-02 -7.12250712e-02 -1.42450142e-01
 -2.13675214e-02 -7.08345419e-17  2.13675214e-02 -1.52366545e-16] 
[-0.10327635  0.0042735   0.00160256 -0.02759972 -0.0042735  -0.00356125
  0.02759972 -0.00160256  0.06054131  0.06089744  0.03561254 -0.01602564
  0.08190883 -0.01780627 -0.03561254  0.03561254 -0.01780627 -0.09081197
 -0.03561254  0.04594017 -0.10327635 -0.02759972  0.00160256  0.0042735
 -0.0042735  -0.00160256  0.02759972 -0.00356125 -0.01602564  0.03561254
  0.06089744  0.06054131  0.08190883  0.03561254 -0.03561254 -0.01780627
  0.04594017 -0.03561254 -0.09081197 -0.01780627 -0.38390313 -0.19159544
 -0.1207265  -0.19159544 -0.22008547 -0.12962963 -0.04309117 -0.12962963
  0.17165242  0.1039886   0.1039886   0.17165242  0.42450142  0.2037037
  0.06552707  0.2037037   0.02920228 -0.04843305 -0.04843305  0.02920228] 
[-0.0042735   0.10327635  0.02759972 -0.00160256  0.00356125  0.0042735
  0.00160256 -0.02759972 -0.06054131  0.01602564 -0.03561254 -0.06089744
  0.01780627 -0.08190883 -0.03561254  0.03561254  0.01780627 -0.04594017
  0.03561254  0.09081197 -0.02759972 -0.10327635  0.0042735   0.00160256
 -0.00160256 -0.0042735  -0.00356125  0.02759972 -0.01602564  0.06054131
  0.06089744  0.03561254  0.03561254  0.08190883 -0.01780627 -0.03561254
  0.04594017 -0.01780627 -0.09081197 -0.03561254 -0.19159544 -0.38390313
 -0.19159544 -0.1207265  -0.12962963 -0.22008547 -0.12962963 -0.04309117
  0.17165242  0.17165242  0.1039886   0.1039886   0.2037037   0.42450142
  0.2037037   0.06552707  0.02920228  0.02920228 -0.04843305 -0.04843305] 
[-0.00160256  0.02759972  0.10327635 -0.0042735  -0.02759972  0.00160256
  0.0042735   0.00356125 -0.03561254  0.01602564 -0.06054131 -0.06089744
  0.03561254 -0.03561254 -0.08190883  0.01780627  0.03561254 -0.04594017
  0.01780627  0.09081197 -0.00160256 -0.0042735   0.10327635  0.02759972
 -0.02759972  0.00356125  0.0042735   0.00160256 -0.06089744 -0.06054131
  0.01602564 -0.03561254  0.03561254  0.01780627 -0.08190883 -0.03561254
  0.09081197  0.01780627 -0.04594017  0.03561254 -0.1207265  -0.19159544
 -0.38390313 -0.19159544 -0.04309117 -0.12962963 -0.22008547 -0.12962963
  0.1039886   0.17165242  0.17165242  0.1039886   0.06552707  0.2037037
  0.42450142  0.2037037  -0.04843305  0.02920228  0.02920228 -0.04843305] 
[-0.02759972  0.00160256  0.0042735  -0.10327635 -0.00160256  0.02759972
 -0.00356125 -0.0042735   0.03561254  0.06089744  0.06054131 -0.01602564
  0.03561254 -0.03561254 -0.01780627  0.08190883 -0.03561254 -0.09081197
 -0.01780627  0.04594017 -0.0042735  -0.00160256  0.02759972  0.10327635
  0.00356125 -0.02759972  0.00160256  0.0042735  -0.06089744 -0.03561254
  0.01602564 -0.06054131  0.01780627  0.03561254 -0.03561254 -0.08190883
  0.09081197  0.03561254 -0.04594017  0.01780627 -0.19159544 -0.1207265
 -0.19159544 -0.38390313 -0.12962963 -0.04309117 -0.12962963 -0.22008547
  0.1039886   0.1039886   0.17165242  0.17165242  0.2037037   0.06552707
  0.2037037   0.42450142 -0.04843305 -0.04843305  0.02920228  0.02920228] 
[ 0.0042735   0.00356125 -0.02759972  0.00160256  0.10327635 -0.0042735
 -0.00160256  0.02759972  0.01780627  0.09081197  0.03561254 -0.04594017
 -0.08190883  0.01780627  0.03561254 -0.03561254 -0.06054131 -0.06089744
 -0.03561254  0.01602564  0.0042735   0.00160256 -0.02759972  0.00356125
  0.10327635  0.02759972 -0.00160256 -0.0042735  -0.04594017  0.03561254
  0.09081197  0.01780627 -0.08190883 -0.03561254  0.03561254  0.01780627
  0.01602564 -0.03561254 -0.06089744 -0.06054131 -0.22008547 -0.12962963
 -0.04309117 -0.12962963 -0.38390313 -0.19159544 -0.1207265  -0.19159544
  0.02920228 -0.04843305 -0.04843305  0.02920228  0.42450142  0.2037037
  0.06552707  0.2037037   0.17165242  0.1039886   0.1039886   0.17165242] 
[-0.00356125 -0.0042735  -0.00160256  0.02759972  0.0042735  -0.10327635
 -0.02759972  0.00160256 -0.01780627  0.04594017 -0.03561254 -0.09081197
 -0.01780627  0.08190883  0.03561254 -0.03561254  0.06054131 -0.01602564
  0.03561254  0.06089744  0.00160256  0.0042735   0.00356125 -0.02759972
  0.02759972  0.10327635 -0.0042735  -0.00160256 -0.04594017  0.01780627
  0.09081197  0.03561254 -0.03561254 -0.08190883  0.01780627  0.03561254
  0.01602564 -0.06054131 -0.06089744 -0.03561254 -0.12962963 -0.22008547
 -0.12962963 -0.04309117 -0.19159544 -0.38390313 -0.19159544 -0.1207265
  0.02920228  0.02920228 -0.04843305 -0.04843305  0.2037037   0.42450142
  0.2037037   0.06552707  0.17165242  0.17165242  0.1039886   0.1039886 ] 
[ 0.02759972 -0.00160256 -0.0042735  -0.00356125  0.00160256 -0.02759972
 -0.10327635  0.0042735  -0.03561254  0.04594017 -0.01780627 -0.09081197
 -0.03561254  0.03561254  0.08190883 -0.01780627  0.03561254 -0.01602564
  0.06054131  0.06089744  0.02759972 -0.00356125 -0.0042735  -0.00160256
  0.00160256  0.0042735  -0.10327635 -0.02759972 -0.09081197 -0.01780627
  0.04594017 -0.03561254 -0.03561254 -0.01780627  0.08190883  0.03561254
  0.06089744  0.06054131 -0.01602564  0.03561254 -0.04309117 -0.12962963
 -0.22008547 -0.12962963 -0.1207265  -0.19159544 -0.38390313 -0.19159544
 -0.04843305  0.02920228  0.02920228 -0.04843305  0.06552707  0.2037037
  0.42450142  0.2037037   0.1039886   0.17165242  0.17165242  0.1039886 ] 
[ 0.00160256 -0.02759972  0.00356125  0.0042735   0.02759972 -0.00160256
 -0.0042735   0.10327635  0.03561254  0.09081197  0.01780627 -0.04594017
 -0.03561254  0.03561254  0.01780627 -0.08190883 -0.03561254 -0.06089744
 -0.06054131  0.01602564 -0.00356125  0.02759972 -0.00160256 -0.0042735
  0.0042735   0.00160256 -0.02759972 -0.10327635 -0.09081197 -0.03561254
  0.04594017 -0.01780627 -0.01780627 -0.03561254  0.03561254  0.08190883
  0.06089744  0.03561254 -0.01602564  0.06054131 -0.12962963 -0.04309117
 -0.12962963 -0.22008547 -0.19159544 -0.1207265  -0.19159544 -0.38390313
 -0.04843305 -0.04843305  0.02920228  0.02920228  0.2037037   0.06552707
  0.2037037   0.42450142  0.1039886   0.1039886   0.17165242  0.17165242] 
[ 8.19088319e-02 -8.19088319e-02 -3.56125356e-02  3.56125356e-02
  1.78062678e-02 -1.78062678e-02 -3.56125356e-02  3.56125356e-02
 -1.27986553e-16 -2.13675214e-02 -6.54148696e-17  2.13675214e-02
 -1.42450142e-01  1.42450142e-01  7.12250712e-02 -7.12250712e-02
 -5.58872757e-17  1.06837607e-01 -2.85908128e-17 -1.06837607e-01
 -1.60256410e-02 -1.60256410e-02 -4.59401709e-02 -4.59401709e-02
 -6.08974359e-02 -6.08974359e-02 -9.08119658e-02 -9.08119658e-02
 -1.28205128e-01 -2.13675214e-02 -2.56410256e-02 -2.13675214e-02
  2.13675214e-02  2.13675214e-02  1.06837607e-01  1.06837607e-01
  2.56410256e-02  1.06837607e-01  1.28205128e-01  1.06837607e-01
  1.71652422e-01  1.71652422e-01  1.03988604e-01  1.03988604e-01
  2.92022792e-02  2.92022792e-02 -4.84330484e-02 -4.84330484e-02
 -5.35612536e-01 -1.49572650e-01 -1.65242165e-01 -1.49572650e-01
 -4.27350427e-02 -4.27350427e-02  4.27350427e-02  4.27350427e-02
  9.11680912e-02  1.49572650e-01  9.68660969e-02  1.49572650e-01] 
[ 4.59401709e-02  1.60256410e-02  1.60256410e-02  4.59401709e-02
  9.08119658e-02  6.08974359e-02  6.08974359e-02  9.08119658e-02
  2.13675214e-02  1.28205128e-01  2.13675214e-02  2.56410256e-02
 -1.06837607e-01 -2.13675214e-02 -2.13675214e-02 -1.06837607e-01
 -1.06837607e-01 -2.56410256e-02 -1.06837607e-01 -1.28205128e-01
  3.56125356e-02  8.19088319e-02 -8.19088319e-02 -3.56125356e-02
  3.56125356e-02  1.78062678e-02 -1.78062678e-02 -3.56125356e-02
  2.13675214e-02 -1.56221486e-16 -2.13675214e-02 -7.32920669e-17
 -7.12250712e-02 -1.42450142e-01  1.42450142e-01  7.12250712e-02
 -1.06837607e-01 -5.12707161e-17  1.06837607e-01 -3.46944695e-18
  1.03988604e-01  1.71652422e-01  1.71652422e-01  1.03988604e-01
 -4.84330484e-02  2.92022792e-02  2.92022792e-02 -4.84330484e-02
 -1.49572650e-01 -5.35612536e-01 -1.49572650e-01 -1.65242165e-01
  4.27350427e-02 -4.27350427e-02 -4.27350427e-02  4.27350427e-02
  1.49572650e-01  9.11680912e-02  1.49572650e-01  9.68660969e-02] 
[ 3.56125356e-02 -3.56125356e-02 -8.19088319e-02  8.19088319e-02
  3.56125356e-02 -3.56125356e-02 -1.78062678e-02  1.78062678e-02
 -7.04048766e-17 -2.13675214e-02 -1.39840329e-16  2.13675214e-02
 -7.12250712e-02  7.12250712e-02  1.42450142e-01 -1.42450142e-01
 -2.67543618e-17  1.06837607e-01 -5.07634165e-17 -1.06837607e-01
  4.59401709e-02  4.59401709e-02  1.60256410e-02  1.60256410e-02
  9.08119658e-02  9.08119658e-02  6.08974359e-02  6.08974359e-02
  2.56410256e-02  2.13675214e-02  1.28205128e-01  2.13675214e-02
 -1.06837607e-01 -1.06837607e-01 -2.13675214e-02 -2.13675214e-02
 -1.28205128e-01 -1.06837607e-01 -2.56410256e-02 -1.06837607e-01
  1.03988604e-01  1.03988604e-01  1.71652422e-01  1.71652422e-01
 -4.84330484e-02 -4.84330484e-02  2.92022792e-02  2.92022792e-02
 -1.65242165e-01 -1.49572650e-01 -5.35612536e-01 -1.49572650e-01
  4.27350427e-02  4.27350427e-02 -4.27350427e-02 -4.27350427e-02
  9.68660969e-02  1.49572650e-01  9.11680912e-02  1.49572650e-01] 
[-1.60256410e-02 -4.59401709e-02 -4.59401709e-02 -1.60256410e-02
 -6.08974359e-02 -9.08119658e-02 -9.08119658e-02 -6.08974359e-02
 -2.13675214e-02 -2.56410256e-02 -2.13675214e-02 -1.28205128e-01
  2.13675214e-02  1.06837607e-01  1.06837607e-01  2.13675214e-02
  1.06837607e-01  1.28205128e-01  1.06837607e-01  2.56410256e-02
  8.19088319e-02  3.56125356e-02 -3.56125356e-02 -8.19088319e-02
  1.78062678e-02  3.56125356e-02 -3.56125356e-02 -1.78062678e-02
  2.13675214e-02 -6.84252038e-17 -2.13675214e-02 -1.09094832e-16
 -1.42450142e-01 -7.12250712e-02  7.12250712e-02  1.42450142e-01
 -1.06837607e-01 -4.52955574e-17  1.06837607e-01 -5.89805982e-17
  1.71652422e-01  1.03988604e-01  1.03988604e-01  1.71652422e-01
  2.92022792e-02 -4.84330484e-02 -4.84330484e-02  2.92022792e-02
 -1.49572650e-01 -1.65242165e-01 -1.49572650e-01 -5.35612536e-01
 -4.27350427e-02  4.27350427e-02  4.27350427e-02 -4.27350427e-02
  1.49572650e-01  9.68660969e-02  1.49572650e-01  9.11680912e-02] 
[ 6.05413105e-02  1.78062678e-02  3.56125356e-02  3.56125356e-02
 -6.05413105e-02 -1.78062678e-02 -3.56125356e-02 -3.56125356e-02
 -1.42450142e-01 -1.06837607e-01 -7.12250712e-02 -2.13675214e-02
 -5.55111512e-17  3.46944695e-17  4.59701721e-17 -6.93889390e-18
  1.42450142e-01  1.06837607e-01  7.12250712e-02  2.13675214e-02
  6.05413105e-02  3.56125356e-02  3.56125356e-02  1.78062678e-02
 -6.05413105e-02 -3.56125356e-02 -3.56125356e-02 -1.78062678e-02
 -2.13675214e-02 -7.12250712e-02 -1.06837607e-01 -1.42450142e-01
 -9.02056208e-17 -3.12250226e-17  3.81639165e-17  1.73472348e-17
  2.13675214e-02  7.12250712e-02  1.06837607e-01  1.42450142e-01
  4.24501425e-01  2.03703704e-01  6.55270655e-02  2.03703704e-01
  4.24501425e-01  2.03703704e-01  6.55270655e-02  2.03703704e-01
 -4.27350427e-02  4.27350427e-02  4.27350427e-02 -4.27350427e-02
 -9.34472934e-01 -3.64672365e-01 -1.31054131e-01 -3.64672365e-01
 -4.27350427e-02  4.27350427e-02  4.27350427e-02 -4.27350427e-02] 
[-1.78062678e-02 -6.05413105e-02 -3.56125356e-02 -3.56125356e-02
  1.78062678e-02  6.05413105e-02  3.56125356e-02  3.56125356e-02
  1.42450142e-01  2.13675214e-02  7.12250712e-02  1.06837607e-01
  4.51028104e-17 -2.08166817e-17 -2.42861287e-17 -7.80625564e-18
 -1.42450142e-01 -2.13675214e-02 -7.12250712e-02 -1.06837607e-01
  3.56125356e-02  6.05413105e-02  1.78062678e-02  3.56125356e-02
 -3.56125356e-02 -6.05413105e-02 -1.78062678e-02 -3.56125356e-02
 -2.13675214e-02 -1.42450142e-01 -1.06837607e-01 -7.12250712e-02
 -3.46944695e-17 -6.93889390e-18  2.77555756e-17 -1.47451495e-17
  2.13675214e-02  1.42450142e-01  1.06837607e-01  7.12250712e-02
  2.03703704e-01  4.24501425e-01  2.03703704e-01  6.55270655e-02
  2.03703704e-01  4.24501425e-01  2.03703704e-01  6.55270655e-02
 -4.27350427e-02 -4.27350427e-02  4.27350427e-02  4.27350427e-02
 -3.64672365e-01 -9.34472934e-01 -3.64672365e-01 -1.31054131e-01
 -4.27350427e-02 -4.27350427e-02  4.27350427e-02  4.27350427e-02] 
[-3.56125356e-02 -3.56125356e-02 -6.05413105e-02 -1.78062678e-02
  3.56125356e-02  3.56125356e-02  6.05413105e-02  1.78062678e-02
  7.12250712e-02  2.13675214e-02  1.42450142e-01  1.06837607e-01
  4.51028104e-17 -1.38777878e-17 -6.24500451e-17  3.12250226e-17
 -7.12250712e-02 -2.13675214e-02 -1.42450142e-01 -1.06837607e-01
 -3.56125356e-02 -1.78062678e-02 -6.05413105e-02 -3.56125356e-02
  3.56125356e-02  1.78062678e-02  6.05413105e-02  3.56125356e-02
  1.06837607e-01  1.42450142e-01  2.13675214e-02  7.12250712e-02
  3.72965547e-17  1.04083409e-17 -9.71445147e-17 -2.77555756e-17
 -1.06837607e-01 -1.42450142e-01 -2.13675214e-02 -7.12250712e-02
  6.55270655e-02  2.03703704e-01  4.24501425e-01  2.03703704e-01
  6.55270655e-02  2.03703704e-01  4.24501425e-01  2.03703704e-01
  4.27350427e-02 -4.27350427e-02 -4.27350427e-02  4.27350427e-02
 -1.31054131e-01 -3.64672365e-01 -9.34472934e-01 -3.64672365e-01
  4.27350427e-02 -4.27350427e-02 -4.27350427e-02  4.27350427e-02] 
[ 3.56125356e-02  3.56125356e-02  1.78062678e-02  6.05413105e-02
 -3.56125356e-02 -3.56125356e-02 -1.78062678e-02 -6.05413105e-02
 -7.12250712e-02 -1.06837607e-01 -1.42450142e-01 -2.13675214e-02
 -2.08166817e-17 -6.07153217e-18  4.51028104e-17 -6.93889390e-18
  7.12250712e-02  1.06837607e-01  1.42450142e-01  2.13675214e-02
 -1.78062678e-02 -3.56125356e-02 -3.56125356e-02 -6.05413105e-02
  1.78062678e-02  3.56125356e-02  3.56125356e-02  6.05413105e-02
  1.06837607e-01  7.12250712e-02  2.13675214e-02  1.42450142e-01
  2.42861287e-17 -1.38777878e-17 -4.16333634e-17 -2.08166817e-17
 -1.06837607e-01 -7.12250712e-02 -2.13675214e-02 -1.42450142e-01
  2.03703704e-01  6.55270655e-02  2.03703704e-01  4.24501425e-01
  2.03703704e-01  6.55270655e-02  2.03703704e-01  4.24501425e-01
  4.27350427e-02  4.27350427e-02 -4.27350427e-02 -4.27350427e-02
 -3.64672365e-01 -1.31054131e-01 -3.64672365e-01 -9.34472934e-01
  4.27350427e-02  4.27350427e-02 -4.27350427e-02 -4.27350427e-02] 
[-1.78062678e-02  1.78062678e-02  3.56125356e-02 -3.56125356e-02
 -8.19088319e-02  8.19088319e-02  3.56125356e-02 -3.56125356e-02
 -5.11850507e-17 -1.06837607e-01 -2.71291477e-17  1.06837607e-01
  1.42450142e-01 -1.42450142e-01 -7.12250712e-02  7.12250712e-02
 -1.38458306e-16  2.13675214e-02 -6.48031654e-17 -2.13675214e-02
  6.08974359e-02  6.08974359e-02  9.08119658e-02  9.08119658e-02
  1.60256410e-02  1.60256410e-02  4.59401709e-02  4.59401709e-02
 -2.56410256e-02 -1.06837607e-01 -1.28205128e-01 -1.06837607e-01
 -2.13675214e-02 -2.13675214e-02 -1.06837607e-01 -1.06837607e-01
  1.28205128e-01  2.13675214e-02  2.56410256e-02  2.13675214e-02
  2.92022792e-02  2.92022792e-02 -4.84330484e-02 -4.84330484e-02
  1.71652422e-01  1.71652422e-01  1.03988604e-01  1.03988604e-01
  9.11680912e-02  1.49572650e-01  9.68660969e-02  1.49572650e-01
 -4.27350427e-02 -4.27350427e-02  4.27350427e-02  4.27350427e-02
 -5.35612536e-01 -1.49572650e-01 -1.65242165e-01 -1.49572650e-01] 
[-9.08119658e-02 -6.08974359e-02 -6.08974359e-02 -9.08119658e-02
 -4.59401709e-02 -1.60256410e-02 -1.60256410e-02 -4.59401709e-02
  1.06837607e-01  2.56410256e-02  1.06837607e-01  1.28205128e-01
  1.06837607e-01  2.13675214e-02  2.13675214e-02  1.06837607e-01
 -2.13675214e-02 -1.28205128e-01 -2.13675214e-02 -2.56410256e-02
 -3.56125356e-02 -1.78062678e-02  1.78062678e-02  3.56125356e-02
 -3.56125356e-02 -8.19088319e-02  8.19088319e-02  3.56125356e-02
  1.06837607e-01 -6.43775157e-17 -1.06837607e-01 -4.70302809e-17
  7.12250712e-02  1.42450142e-01 -1.42450142e-01 -7.12250712e-02
 -2.13675214e-02 -1.06010879e-16  2.13675214e-02 -6.36547142e-17
 -4.84330484e-02  2.92022792e-02  2.92022792e-02 -4.84330484e-02
  1.03988604e-01  1.71652422e-01  1.71652422e-01  1.03988604e-01
  1.49572650e-01  9.11680912e-02  1.49572650e-01  9.68660969e-02
  4.27350427e-02 -4.27350427e-02 -4.27350427e-02  4.27350427e-02
 -1.49572650e-01 -5.35612536e-01 -1.49572650e-01 -1.65242165e-01] 
[-3.56125356e-02  3.56125356e-02  1.78062678e-02 -1.78062678e-02
 -3.56125356e-02  3.56125356e-02  8.19088319e-02 -8.19088319e-02
 -2.87782058e-17 -1.06837607e-01 -5.62754468e-17  1.06837607e-01
  7.12250712e-02 -7.12250712e-02 -1.42450142e-01  1.42450142e-01
 -6.22559596e-17  2.13675214e-02 -1.25081125e-16 -2.13675214e-02
 -9.08119658e-02 -9.08119658e-02 -6.08974359e-02 -6.08974359e-02
 -4.59401709e-02 -4.59401709e-02 -1.60256410e-02 -1.60256410e-02
  1.28205128e-01  1.06837607e-01  2.56410256e-02  1.06837607e-01
  1.06837607e-01  1.06837607e-01  2.13675214e-02  2.13675214e-02
 -2.56410256e-02 -2.13675214e-02 -1.28205128e-01 -2.13675214e-02
 -4.84330484e-02 -4.84330484e-02  2.92022792e-02  2.92022792e-02
  1.03988604e-01  1.03988604e-01  1.71652422e-01  1.71652422e-01
  9.68660969e-02  1.49572650e-01  9.11680912e-02  1.49572650e-01
  4.27350427e-02  4.27350427e-02 -4.27350427e-02 -4.27350427e-02
 -1.65242165e-01 -1.49572650e-01 -5.35612536e-01 -1.49572650e-01] 
[ 6.08974359e-02  9.08119658e-02  9.08119658e-02  6.08974359e-02
  1.60256410e-02  4.59401709e-02  4.59401709e-02  1.60256410e-02
 -1.06837607e-01 -1.28205128e-01 -1.06837607e-01 -2.56410256e-02
 -2.13675214e-02 -1.06837607e-01 -1.06837607e-01 -2.13675214e-02
  2.13675214e-02  2.56410256e-02  2.13675214e-02  1.28205128e-01
 -1.78062678e-02 -3.56125356e-02  3.56125356e-02  1.78062678e-02
 -8.19088319e-02 -3.56125356e-02  3.56125356e-02  8.19088319e-02
  1.06837607e-01 -7.13164096e-18 -1.06837607e-01 -5.12707161e-17
  1.42450142e-01  7.12250712e-02 -7.12250712e-02 -1.42450142e-01
 -2.13675214e-02 -7.08345419e-17  2.13675214e-02 -1.52366545e-16
  2.92022792e-02 -4.84330484e-02 -4.84330484e-02  2.92022792e-02
  1.71652422e-01  1.03988604e-01  1.03988604e-01  1.71652422e-01
  1.49572650e-01  9.68660969e-02  1.49572650e-01  9.11680912e-02
 -4.27350427e-02  4.27350427e-02  4.27350427e-02 -4.27350427e-02
 -1.49572650e-01 -1.65242165e-01 -1.49572650e-01 -5.35612536e-01] 

--------------------------------------------------------------------------------------------------
