DJ 
Gauss Point1	( -0.7746;  -0.7746;  -0.7746): 
[[ 5.00000000e-01  4.16333634e-17  0.00000000e+00]
 [ 2.49800181e-16 -5.00000000e-01 -1.11022302e-16]
 [ 1.94289029e-16  4.16333634e-17  5.00000000e-01]] 
DET  -0.1250000000000003 
--------------------------------------------------------------------------------------------------
Gauss Point2	(  0.0000;  -0.7746;  -0.7746): 
[[ 5.00000000e-01  0.00000000e+00  0.00000000e+00]
 [ 1.94289029e-16 -5.00000000e-01 -3.33066907e-16]
 [ 3.33066907e-16 -1.11022302e-16  5.00000000e-01]] 
DET  -0.12500000000000003 
--------------------------------------------------------------------------------------------------
Gauss Point3	(  0.7746;  -0.7746;  -0.7746): 
[[ 5.00000000e-01 -1.24900090e-16  2.22044605e-16]
 [ 2.35922393e-16 -5.00000000e-01  1.11022302e-16]
 [ 1.38777878e-16  1.24900090e-16  5.00000000e-01]] 
DET  -0.12500000000000014 
--------------------------------------------------------------------------------------------------
Gauss Point4	( -0.7746;   0.0000;  -0.7746): 
[[ 5.00000000e-01 -8.32667268e-17 -3.33066907e-16]
 [ 0.00000000e+00 -5.00000000e-01  0.00000000e+00]
 [-6.10622664e-16 -1.11022302e-16  5.00000000e-01]] 
DET  -0.12499999999999992 
--------------------------------------------------------------------------------------------------
Gauss Point5	(  0.0000;   0.0000;  -0.7746): 
[[ 0.5  0.   0. ]
 [ 0.  -0.5  0. ]
 [ 0.   0.   0.5]] 
DET  -0.1250000000000002 
--------------------------------------------------------------------------------------------------
Gauss Point6	(  0.7746;   0.0000;  -0.7746): 
[[ 5.00000000e-01  8.32667268e-17  3.33066907e-16]
 [-2.77555756e-17 -5.00000000e-01 -1.38777878e-17]
 [-3.88578059e-16 -1.11022302e-16  5.00000000e-01]] 
DET  -0.1250000000000003 
--------------------------------------------------------------------------------------------------
Gauss Point7	( -0.7746;   0.7746;  -0.7746): 
[[ 5.00000000e-01  0.00000000e+00 -1.11022302e-16]
 [-2.49800181e-16 -5.00000000e-01  1.11022302e-16]
 [ 3.05311332e-16 -5.55111512e-17  5.00000000e-01]] 
DET  -0.12500000000000008 
--------------------------------------------------------------------------------------------------
Gauss Point8	(  0.0000;   0.7746;  -0.7746): 
[[ 5.00000000e-01  0.00000000e+00  0.00000000e+00]
 [ 2.77555756e-17 -5.00000000e-01  1.11022302e-16]
 [ 3.33066907e-16  0.00000000e+00  5.00000000e-01]] 
DET  -0.12499999999999997 
--------------------------------------------------------------------------------------------------
Gauss Point9	(  0.7746;   0.7746;  -0.7746): 
[[ 5.00000000e-01 -1.38777878e-17  0.00000000e+00]
 [-2.63677968e-16 -5.00000000e-01  1.11022302e-16]
 [ 2.63677968e-16 -2.77555756e-17  5.00000000e-01]] 
DET  -0.1250000000000002 
--------------------------------------------------------------------------------------------------
Gauss Point10	( -0.7746;  -0.7746;   0.0000): 
[[ 5.00000000e-01  5.55111512e-17  4.44089210e-16]
 [-2.22044605e-16 -5.00000000e-01  2.22044605e-16]
 [-2.77555756e-17  4.16333634e-17  5.00000000e-01]] 
DET  -0.12499999999999997 
--------------------------------------------------------------------------------------------------
Gauss Point11	(  0.0000;  -0.7746;   0.0000): 
[[ 5.00000000e-01  0.00000000e+00  0.00000000e+00]
 [ 0.00000000e+00 -5.00000000e-01  0.00000000e+00]
 [ 1.11022302e-16  0.00000000e+00  5.00000000e-01]] 
DET  -0.12499999999999997 
--------------------------------------------------------------------------------------------------
Gauss Point12	(  0.7746;  -0.7746;   0.0000): 
[[ 5.00000000e-01  5.55111512e-17  0.00000000e+00]
 [-4.71844785e-16 -5.00000000e-01  4.99600361e-16]
 [-8.32667268e-17 -4.16333634e-17  5.00000000e-01]] 
DET  -0.12499999999999992 
--------------------------------------------------------------------------------------------------
Gauss Point13	( -0.7746;   0.0000;   0.0000): 
[[ 5.00000000e-01  0.00000000e+00  0.00000000e+00]
 [ 0.00000000e+00 -5.00000000e-01  0.00000000e+00]
 [ 5.55111512e-17  0.00000000e+00  5.00000000e-01]] 
DET  -0.12500000000000008 
--------------------------------------------------------------------------------------------------
Gauss Point14	(  0.0000;   0.0000;   0.0000): 
[[ 0.5  0.   0. ]
 [ 0.  -0.5  0. ]
 [ 0.   0.   0.5]] 
DET  -0.12500000000000003 
--------------------------------------------------------------------------------------------------
Gauss Point15	(  0.7746;   0.0000;   0.0000): 
[[ 5.00000000e-01  0.00000000e+00  0.00000000e+00]
 [ 0.00000000e+00 -5.00000000e-01  0.00000000e+00]
 [ 5.55111512e-17  0.00000000e+00  5.00000000e-01]] 
DET  -0.12500000000000003 
--------------------------------------------------------------------------------------------------
Gauss Point16	( -0.7746;   0.7746;   0.0000): 
[[ 5.00000000e-01  2.77555756e-17  5.55111512e-17]
 [ 2.22044605e-16 -5.00000000e-01  0.00000000e+00]
 [-2.77555756e-17  0.00000000e+00  5.00000000e-01]] 
DET  -0.12499999999999997 
--------------------------------------------------------------------------------------------------
Gauss Point17	(  0.0000;   0.7746;   0.0000): 
[[ 5.00000000e-01  0.00000000e+00  0.00000000e+00]
 [ 0.00000000e+00 -5.00000000e-01  0.00000000e+00]
 [ 1.11022302e-16  0.00000000e+00  5.00000000e-01]] 
DET  -0.12499999999999997 
--------------------------------------------------------------------------------------------------
Gauss Point18	(  0.7746;   0.7746;   0.0000): 
[[ 5.00000000e-01 -2.77555756e-17 -5.55111512e-17]
 [-8.32667268e-17 -5.00000000e-01  3.88578059e-16]
 [ 4.16333634e-17  0.00000000e+00  5.00000000e-01]] 
DET  -0.12500000000000003 
--------------------------------------------------------------------------------------------------
Gauss Point19	( -0.7746;  -0.7746;   0.7746): 
[[ 5.00000000e-01 -6.93889390e-17 -2.77555756e-16]
 [ 0.00000000e+00 -5.00000000e-01 -4.44089210e-16]
 [-2.49800181e-16 -6.93889390e-17  5.00000000e-01]] 
DET  -0.12499999999999997 
--------------------------------------------------------------------------------------------------
Gauss Point20	(  0.0000;  -0.7746;   0.7746): 
[[ 5.00000000e-01  0.00000000e+00  0.00000000e+00]
 [ 3.33066907e-16 -5.00000000e-01  4.44089210e-16]
 [ 1.11022302e-16 -1.11022302e-16  5.00000000e-01]] 
DET  -0.12500000000000008 
--------------------------------------------------------------------------------------------------
Gauss Point21	(  0.7746;  -0.7746;   0.7746): 
[[ 5.00000000e-01 -6.93889390e-17  1.66533454e-16]
 [ 8.32667268e-17 -5.00000000e-01  3.33066907e-16]
 [-3.05311332e-16 -9.71445147e-17  5.00000000e-01]] 
DET  -0.12499999999999997 
--------------------------------------------------------------------------------------------------
Gauss Point22	( -0.7746;   0.0000;   0.7746): 
[[ 5.00000000e-01  0.00000000e+00  8.88178420e-16]
 [ 0.00000000e+00 -5.00000000e-01  0.00000000e+00]
 [ 4.99600361e-16  0.00000000e+00  5.00000000e-01]] 
DET  -0.12500000000000003 
--------------------------------------------------------------------------------------------------
Gauss Point23	(  0.0000;   0.0000;   0.7746): 
[[ 0.5  0.   0. ]
 [ 0.  -0.5  0. ]
 [ 0.   0.   0.5]] 
DET  -0.12500000000000003 
--------------------------------------------------------------------------------------------------
Gauss Point24	(  0.7746;   0.0000;   0.7746): 
[[ 5.00000000e-01  0.00000000e+00  0.00000000e+00]
 [ 0.00000000e+00 -5.00000000e-01  0.00000000e+00]
 [ 5.55111512e-17  0.00000000e+00  5.00000000e-01]] 
DET  -0.1250000000000002 
--------------------------------------------------------------------------------------------------
Gauss Point25	( -0.7746;   0.7746;   0.7746): 
[[ 5.00000000e-01  2.77555756e-17  1.66533454e-16]
 [ 0.00000000e+00 -5.00000000e-01  0.00000000e+00]
 [-2.49800181e-16 -1.38777878e-17  5.00000000e-01]] 
DET  -0.12500000000000014 
--------------------------------------------------------------------------------------------------
Gauss Point26	(  0.0000;   0.7746;   0.7746): 
[[ 5.00000000e-01  0.00000000e+00  0.00000000e+00]
 [-5.55111512e-16 -5.00000000e-01 -4.44089210e-16]
 [ 1.11022302e-16 -2.77555756e-17  5.00000000e-01]] 
DET  -0.12500000000000008 
--------------------------------------------------------------------------------------------------
Gauss Point27	(  0.7746;   0.7746;   0.7746): 
[[ 5.00000000e-01  1.38777878e-17 -2.22044605e-16]
 [-8.32667268e-17 -5.00000000e-01  0.00000000e+00]
 [-1.80411242e-16  0.00000000e+00  5.00000000e-01]] 
DET  -0.12499999999999997 
--------------------------------------------------------------------------------------------------


DFIXYZ 
Gauss Point #0	( -0.7746;  -0.7746;  -0.7746): 
[[-0.05491933  0.78729833 -0.05491933]
 [-0.25491933  0.25491933  0.01270167]
 [-0.78729833  0.05491933 -0.05491933]
 [-1.65205634  1.65205634 -1.65205634]
 [ 0.01270167  0.25491933 -0.25491933]
 [-0.05205634  0.05205634 -0.05205634]
 [-0.25491933 -0.01270167 -0.25491933]
 [-0.05491933  0.05491933 -0.78729833]
 [ 0.30983867 -0.35491933 -0.04508067]
 [ 0.35491933 -0.30983867 -0.04508067]
 [ 2.43935467  0.35491933 -0.35491933]
 [-0.35491933 -2.43935467 -0.35491933]
 [-0.04508067 -0.35491933  0.30983867]
 [ 0.04508067 -0.04508067  0.03935467]
 [ 0.35491933  0.04508067  0.30983867]
 [-0.35491933  0.35491933  2.43935467]
 [ 0.03935467 -0.04508067  0.04508067]
 [ 0.04508067 -0.03935467  0.04508067]
 [ 0.30983867  0.04508067  0.35491933]
 [-0.04508067 -0.30983867  0.35491933]] 
Gauss Point #1	(  0.0000;  -0.7746;  -0.7746): 
[[ 0.1         0.78729833  0.01270167]
 [-0.1         0.78729833  0.01270167]
 [ 0.432379    0.58729833 -0.58729833]
 [-0.432379    0.58729833 -0.58729833]
 [ 0.032379    0.18729833 -0.18729833]
 [-0.032379    0.18729833 -0.18729833]
 [-0.1        -0.01270167 -0.78729833]
 [ 0.1        -0.01270167 -0.78729833]
 [ 0.         -0.88729833 -0.11270167]
 [ 0.35491933 -1.37459667 -0.2       ]
 [ 0.          0.88729833 -0.88729833]
 [-0.35491933 -1.37459667 -0.2       ]
 [-0.04508067 -0.2         0.17459667]
 [ 0.04508067 -0.2         0.17459667]
 [ 0.35491933  0.2         1.37459667]
 [-0.35491933  0.2         1.37459667]
 [ 0.         -0.11270167  0.11270167]
 [ 0.04508067 -0.17459667  0.2       ]
 [ 0.          0.11270167  0.88729833]
 [-0.04508067 -0.17459667  0.2       ]] 
Gauss Point #2	(  0.7746;  -0.7746;  -0.7746): 
[[ 0.25491933  0.25491933  0.01270167]
 [ 0.05491933  0.78729833 -0.05491933]
 [ 1.65205634  1.65205634 -1.65205634]
 [ 0.78729833  0.05491933 -0.05491933]
 [ 0.05205634  0.05205634 -0.05205634]
 [-0.01270167  0.25491933 -0.25491933]
 [ 0.05491933  0.05491933 -0.78729833]
 [ 0.25491933 -0.01270167 -0.25491933]
 [-0.30983867 -0.35491933 -0.04508067]
 [ 0.35491933 -2.43935467 -0.35491933]
 [-2.43935467  0.35491933 -0.35491933]
 [-0.35491933 -0.30983867 -0.04508067]
 [-0.04508067 -0.04508067  0.03935467]
 [ 0.04508067 -0.35491933  0.30983867]
 [ 0.35491933  0.35491933  2.43935467]
 [-0.35491933  0.04508067  0.30983867]
 [-0.03935467 -0.04508067  0.04508067]
 [ 0.04508067 -0.30983867  0.35491933]
 [-0.30983867  0.04508067  0.35491933]
 [-0.04508067 -0.03935467  0.04508067]] 
Gauss Point #3	( -0.7746;   0.0000;  -0.7746): 
[[-5.87298335e-01 -4.32379001e-01 -5.87298335e-01]
 [-7.87298335e-01  1.00000000e-01  1.27016654e-02]
 [-7.87298335e-01 -1.00000000e-01  1.27016654e-02]
 [-5.87298335e-01  4.32379001e-01 -5.87298335e-01]
 [ 1.27016654e-02  1.00000000e-01 -7.87298335e-01]
 [-1.87298335e-01  3.23790008e-02 -1.87298335e-01]
 [-1.87298335e-01 -3.23790008e-02 -1.87298335e-01]
 [ 1.27016654e-02 -1.00000000e-01 -7.87298335e-01]
 [ 1.37459667e+00 -3.54919334e-01 -2.00000000e-01]
 [ 8.87298335e-01  4.19859055e-16 -1.12701665e-01]
 [ 1.37459667e+00  3.54919334e-01 -2.00000000e-01]
 [-8.87298335e-01  2.46274760e-16 -8.87298335e-01]
 [-2.00000000e-01 -3.54919334e-01  1.37459667e+00]
 [ 2.00000000e-01 -4.50806662e-02  1.74596669e-01]
 [ 2.00000000e-01  4.50806662e-02  1.74596669e-01]
 [-2.00000000e-01  3.54919334e-01  1.37459667e+00]
 [ 1.74596669e-01 -4.50806662e-02  2.00000000e-01]
 [ 1.12701665e-01 -3.12809960e-17  1.12701665e-01]
 [ 1.74596669e-01  4.50806662e-02  2.00000000e-01]
 [-1.12701665e-01 -6.34852819e-16  8.87298335e-01]] 
Gauss Point #4	(  0.0000;   0.0000;  -0.7746): 
[[ 1.00000000e-01  1.00000000e-01 -1.37298335e-01]
 [-1.00000000e-01  1.00000000e-01 -1.37298335e-01]
 [-1.00000000e-01 -1.00000000e-01 -1.37298335e-01]
 [ 1.00000000e-01 -1.00000000e-01 -1.37298335e-01]
 [ 1.00000000e-01  1.00000000e-01 -6.37298335e-01]
 [-1.00000000e-01  1.00000000e-01 -6.37298335e-01]
 [-1.00000000e-01 -1.00000000e-01 -6.37298335e-01]
 [ 1.00000000e-01 -1.00000000e-01 -6.37298335e-01]
 [ 0.00000000e+00 -8.87298335e-01 -5.00000000e-01]
 [ 8.87298335e-01  6.77851572e-16 -5.00000000e-01]
 [ 0.00000000e+00  8.87298335e-01 -5.00000000e-01]
 [-8.87298335e-01 -1.17177569e-17 -5.00000000e-01]
 [-2.00000000e-01 -2.00000000e-01  7.74596669e-01]
 [ 2.00000000e-01 -2.00000000e-01  7.74596669e-01]
 [ 2.00000000e-01  2.00000000e-01  7.74596669e-01]
 [-2.00000000e-01  2.00000000e-01  7.74596669e-01]
 [ 0.00000000e+00 -1.12701665e-01  5.00000000e-01]
 [ 1.12701665e-01 -2.89273513e-16  5.00000000e-01]
 [ 0.00000000e+00  1.12701665e-01  5.00000000e-01]
 [-1.12701665e-01 -3.76860302e-16  5.00000000e-01]] 
Gauss Point #5	(  0.7746;   0.0000;  -0.7746): 
[[ 7.87298335e-01  1.00000000e-01  1.27016654e-02]
 [ 5.87298335e-01 -4.32379001e-01 -5.87298335e-01]
 [ 5.87298335e-01  4.32379001e-01 -5.87298335e-01]
 [ 7.87298335e-01 -1.00000000e-01  1.27016654e-02]
 [ 1.87298335e-01  3.23790008e-02 -1.87298335e-01]
 [-1.27016654e-02  1.00000000e-01 -7.87298335e-01]
 [-1.27016654e-02 -1.00000000e-01 -7.87298335e-01]
 [ 1.87298335e-01 -3.23790008e-02 -1.87298335e-01]
 [-1.37459667e+00 -3.54919334e-01 -2.00000000e-01]
 [ 8.87298335e-01  9.35844089e-16 -8.87298335e-01]
 [-1.37459667e+00  3.54919334e-01 -2.00000000e-01]
 [-8.87298335e-01 -2.69710274e-16 -1.12701665e-01]
 [-2.00000000e-01 -4.50806662e-02  1.74596669e-01]
 [ 2.00000000e-01 -3.54919334e-01  1.37459667e+00]
 [ 2.00000000e-01  3.54919334e-01  1.37459667e+00]
 [-2.00000000e-01  4.50806662e-02  1.74596669e-01]
 [-1.74596669e-01 -4.50806662e-02  2.00000000e-01]
 [ 1.12701665e-01 -5.47266030e-16  8.87298335e-01]
 [-1.74596669e-01  4.50806662e-02  2.00000000e-01]
 [-1.12701665e-01 -1.18867785e-16  1.12701665e-01]] 
Gauss Point #6	( -0.7746;   0.7746;  -0.7746): 
[[-1.65205634 -1.65205634 -1.65205634]
 [-0.78729833 -0.05491933 -0.05491933]
 [-0.25491933 -0.25491933  0.01270167]
 [-0.05491933 -0.78729833 -0.05491933]
 [-0.05491933 -0.05491933 -0.78729833]
 [-0.25491933  0.01270167 -0.25491933]
 [-0.05205634 -0.05205634 -0.05205634]
 [ 0.01270167 -0.25491933 -0.25491933]
 [ 2.43935467 -0.35491933 -0.35491933]
 [ 0.35491933  0.30983867 -0.04508067]
 [ 0.30983867  0.35491933 -0.04508067]
 [-0.35491933  2.43935467 -0.35491933]
 [-0.35491933 -0.35491933  2.43935467]
 [ 0.35491933 -0.04508067  0.30983867]
 [ 0.04508067  0.04508067  0.03935467]
 [-0.04508067  0.35491933  0.30983867]
 [ 0.30983867 -0.04508067  0.35491933]
 [ 0.04508067  0.03935467  0.04508067]
 [ 0.03935467  0.04508067  0.04508067]
 [-0.04508067  0.30983867  0.35491933]] 
Gauss Point #7	(  0.0000;   0.7746;  -0.7746): 
[[-0.432379   -0.58729833 -0.58729833]
 [ 0.432379   -0.58729833 -0.58729833]
 [-0.1        -0.78729833  0.01270167]
 [ 0.1        -0.78729833  0.01270167]
 [ 0.1         0.01270167 -0.78729833]
 [-0.1         0.01270167 -0.78729833]
 [-0.032379   -0.18729833 -0.18729833]
 [ 0.032379   -0.18729833 -0.18729833]
 [ 0.         -0.88729833 -0.88729833]
 [ 0.35491933  1.37459667 -0.2       ]
 [ 0.          0.88729833 -0.11270167]
 [-0.35491933  1.37459667 -0.2       ]
 [-0.35491933 -0.2         1.37459667]
 [ 0.35491933 -0.2         1.37459667]
 [ 0.04508067  0.2         0.17459667]
 [-0.04508067  0.2         0.17459667]
 [ 0.         -0.11270167  0.88729833]
 [ 0.04508067  0.17459667  0.2       ]
 [ 0.          0.11270167  0.11270167]
 [-0.04508067  0.17459667  0.2       ]] 
Gauss Point #8	(  0.7746;   0.7746;  -0.7746): 
[[ 0.78729833 -0.05491933 -0.05491933]
 [ 1.65205634 -1.65205634 -1.65205634]
 [ 0.05491933 -0.78729833 -0.05491933]
 [ 0.25491933 -0.25491933  0.01270167]
 [ 0.25491933  0.01270167 -0.25491933]
 [ 0.05491933 -0.05491933 -0.78729833]
 [-0.01270167 -0.25491933 -0.25491933]
 [ 0.05205634 -0.05205634 -0.05205634]
 [-2.43935467 -0.35491933 -0.35491933]
 [ 0.35491933  2.43935467 -0.35491933]
 [-0.30983867  0.35491933 -0.04508067]
 [-0.35491933  0.30983867 -0.04508067]
 [-0.35491933 -0.04508067  0.30983867]
 [ 0.35491933 -0.35491933  2.43935467]
 [ 0.04508067  0.35491933  0.30983867]
 [-0.04508067  0.04508067  0.03935467]
 [-0.30983867 -0.04508067  0.35491933]
 [ 0.04508067  0.30983867  0.35491933]
 [-0.03935467  0.04508067  0.04508067]
 [-0.04508067  0.03935467  0.04508067]] 
Gauss Point #9	( -0.7746;  -0.7746;   0.0000): 
[[ 1.27016654e-02  7.87298335e-01  1.00000000e-01]
 [-1.87298335e-01  1.87298335e-01  3.23790008e-02]
 [-7.87298335e-01 -1.27016654e-02  1.00000000e-01]
 [-5.87298335e-01  5.87298335e-01 -4.32379001e-01]
 [ 1.27016654e-02  7.87298335e-01 -1.00000000e-01]
 [-1.87298335e-01  1.87298335e-01 -3.23790008e-02]
 [-7.87298335e-01 -1.27016654e-02 -1.00000000e-01]
 [-5.87298335e-01  5.87298335e-01  4.32379001e-01]
 [ 1.74596669e-01 -2.00000000e-01 -4.50806662e-02]
 [ 2.00000000e-01 -1.74596669e-01 -4.50806662e-02]
 [ 1.37459667e+00  2.00000000e-01 -3.54919334e-01]
 [-2.00000000e-01 -1.37459667e+00 -3.54919334e-01]
 [-1.12701665e-01 -8.87298335e-01 -1.21945418e-16]
 [ 1.12701665e-01 -1.12701665e-01 -1.00099187e-16]
 [ 8.87298335e-01  1.12701665e-01 -5.66034628e-16]
 [-8.87298335e-01  8.87298335e-01  7.88079233e-16]
 [ 1.74596669e-01 -2.00000000e-01  4.50806662e-02]
 [ 2.00000000e-01 -1.74596669e-01  4.50806662e-02]
 [ 1.37459667e+00  2.00000000e-01  3.54919334e-01]
 [-2.00000000e-01 -1.37459667e+00  3.54919334e-01]] 
Gauss Point #10	(  0.0000;  -0.7746;   0.0000): 
[[ 1.00000000e-01  6.37298335e-01  1.00000000e-01]
 [-1.00000000e-01  6.37298335e-01  1.00000000e-01]
 [-1.00000000e-01  1.37298335e-01  1.00000000e-01]
 [ 1.00000000e-01  1.37298335e-01  1.00000000e-01]
 [ 1.00000000e-01  6.37298335e-01 -1.00000000e-01]
 [-1.00000000e-01  6.37298335e-01 -1.00000000e-01]
 [-1.00000000e-01  1.37298335e-01 -1.00000000e-01]
 [ 1.00000000e-01  1.37298335e-01 -1.00000000e-01]
 [ 0.00000000e+00 -5.00000000e-01 -1.12701665e-01]
 [ 2.00000000e-01 -7.74596669e-01 -2.00000000e-01]
 [ 0.00000000e+00  5.00000000e-01 -8.87298335e-01]
 [-2.00000000e-01 -7.74596669e-01 -2.00000000e-01]
 [-1.12701665e-01 -5.00000000e-01 -3.59479122e-17]
 [ 1.12701665e-01 -5.00000000e-01 -1.86096693e-16]
 [ 8.87298335e-01  5.00000000e-01 -4.80037122e-16]
 [-8.87298335e-01  5.00000000e-01  7.02081727e-16]
 [ 0.00000000e+00 -5.00000000e-01  1.12701665e-01]
 [ 2.00000000e-01 -7.74596669e-01  2.00000000e-01]
 [ 0.00000000e+00  5.00000000e-01  8.87298335e-01]
 [-2.00000000e-01 -7.74596669e-01  2.00000000e-01]] 
Gauss Point #11	(  0.7746;  -0.7746;   0.0000): 
[[ 1.87298335e-01  1.87298335e-01  3.23790008e-02]
 [-1.27016654e-02  7.87298335e-01  1.00000000e-01]
 [ 5.87298335e-01  5.87298335e-01 -4.32379001e-01]
 [ 7.87298335e-01 -1.27016654e-02  1.00000000e-01]
 [ 1.87298335e-01  1.87298335e-01 -3.23790008e-02]
 [-1.27016654e-02  7.87298335e-01 -1.00000000e-01]
 [ 5.87298335e-01  5.87298335e-01  4.32379001e-01]
 [ 7.87298335e-01 -1.27016654e-02 -1.00000000e-01]
 [-1.74596669e-01 -2.00000000e-01 -4.50806662e-02]
 [ 2.00000000e-01 -1.37459667e+00 -3.54919334e-01]
 [-1.37459667e+00  2.00000000e-01 -3.54919334e-01]
 [-2.00000000e-01 -1.74596669e-01 -4.50806662e-02]
 [-1.12701665e-01 -1.12701665e-01  5.00495935e-17]
 [ 1.12701665e-01 -8.87298335e-01 -2.72094198e-16]
 [ 8.87298335e-01  8.87298335e-01 -3.94039616e-16]
 [-8.87298335e-01  1.12701665e-01  6.16084221e-16]
 [-1.74596669e-01 -2.00000000e-01  4.50806662e-02]
 [ 2.00000000e-01 -1.37459667e+00  3.54919334e-01]
 [-1.37459667e+00  2.00000000e-01  3.54919334e-01]
 [-2.00000000e-01 -1.74596669e-01  4.50806662e-02]] 
Gauss Point #12	( -0.7746;   0.0000;   0.0000): 
[[-1.37298335e-01  1.00000000e-01  1.00000000e-01]
 [-6.37298335e-01  1.00000000e-01  1.00000000e-01]
 [-6.37298335e-01 -1.00000000e-01  1.00000000e-01]
 [-1.37298335e-01 -1.00000000e-01  1.00000000e-01]
 [-1.37298335e-01  1.00000000e-01 -1.00000000e-01]
 [-6.37298335e-01  1.00000000e-01 -1.00000000e-01]
 [-6.37298335e-01 -1.00000000e-01 -1.00000000e-01]
 [-1.37298335e-01 -1.00000000e-01 -1.00000000e-01]
 [ 7.74596669e-01 -2.00000000e-01 -2.00000000e-01]
 [ 5.00000000e-01  2.69363420e-16 -1.12701665e-01]
 [ 7.74596669e-01  2.00000000e-01 -2.00000000e-01]
 [-5.00000000e-01  3.96770395e-16 -8.87298335e-01]
 [-5.00000000e-01 -8.87298335e-01  1.36047099e-16]
 [ 5.00000000e-01 -1.12701665e-01 -3.58091704e-16]
 [ 5.00000000e-01  1.12701665e-01 -3.08042111e-16]
 [-5.00000000e-01  8.87298335e-01  5.30086716e-16]
 [ 7.74596669e-01 -2.00000000e-01  2.00000000e-01]
 [ 5.00000000e-01  1.19214639e-16  1.12701665e-01]
 [ 7.74596669e-01  2.00000000e-01  2.00000000e-01]
 [-5.00000000e-01 -7.85348454e-16  8.87298335e-01]] 
Gauss Point #13	(  0.0000;   0.0000;   0.0000): 
[[ 2.50000000e-01  2.50000000e-01  2.50000000e-01]
 [-2.50000000e-01  2.50000000e-01  2.50000000e-01]
 [-2.50000000e-01 -2.50000000e-01  2.50000000e-01]
 [ 2.50000000e-01 -2.50000000e-01  2.50000000e-01]
 [ 2.50000000e-01  2.50000000e-01 -2.50000000e-01]
 [-2.50000000e-01  2.50000000e-01 -2.50000000e-01]
 [-2.50000000e-01 -2.50000000e-01 -2.50000000e-01]
 [ 2.50000000e-01 -2.50000000e-01 -2.50000000e-01]
 [ 0.00000000e+00 -5.00000000e-01 -5.00000000e-01]
 [ 5.00000000e-01  5.27355937e-16 -5.00000000e-01]
 [ 0.00000000e+00  5.00000000e-01 -5.00000000e-01]
 [-5.00000000e-01  1.38777878e-16 -5.00000000e-01]
 [-5.00000000e-01 -5.00000000e-01  2.22044605e-16]
 [ 5.00000000e-01 -5.00000000e-01 -4.44089210e-16]
 [ 5.00000000e-01  5.00000000e-01 -2.22044605e-16]
 [-5.00000000e-01  5.00000000e-01  4.44089210e-16]
 [ 0.00000000e+00 -5.00000000e-01  5.00000000e-01]
 [ 5.00000000e-01 -1.38777878e-16  5.00000000e-01]
 [ 0.00000000e+00  5.00000000e-01  5.00000000e-01]
 [-5.00000000e-01 -5.27355937e-16  5.00000000e-01]] 
Gauss Point #14	(  0.7746;   0.0000;   0.0000): 
[[ 6.37298335e-01  1.00000000e-01  1.00000000e-01]
 [ 1.37298335e-01  1.00000000e-01  1.00000000e-01]
 [ 1.37298335e-01 -1.00000000e-01  1.00000000e-01]
 [ 6.37298335e-01 -1.00000000e-01  1.00000000e-01]
 [ 6.37298335e-01  1.00000000e-01 -1.00000000e-01]
 [ 1.37298335e-01  1.00000000e-01 -1.00000000e-01]
 [ 1.37298335e-01 -1.00000000e-01 -1.00000000e-01]
 [ 6.37298335e-01 -1.00000000e-01 -1.00000000e-01]
 [-7.74596669e-01 -2.00000000e-01 -2.00000000e-01]
 [ 5.00000000e-01  7.85348454e-16 -8.87298335e-01]
 [-7.74596669e-01  2.00000000e-01 -2.00000000e-01]
 [-5.00000000e-01 -1.19214639e-16 -1.12701665e-01]
 [-5.00000000e-01 -1.12701665e-01  3.08042111e-16]
 [ 5.00000000e-01 -8.87298335e-01 -5.30086716e-16]
 [ 5.00000000e-01  8.87298335e-01 -1.36047099e-16]
 [-5.00000000e-01  1.12701665e-01  3.58091704e-16]
 [-7.74596669e-01 -2.00000000e-01  2.00000000e-01]
 [ 5.00000000e-01 -3.96770395e-16  8.87298335e-01]
 [-7.74596669e-01  2.00000000e-01  2.00000000e-01]
 [-5.00000000e-01 -2.69363420e-16  1.12701665e-01]] 
Gauss Point #15	( -0.7746;   0.7746;   0.0000): 
[[-5.87298335e-01 -5.87298335e-01 -4.32379001e-01]
 [-7.87298335e-01  1.27016654e-02  1.00000000e-01]
 [-1.87298335e-01 -1.87298335e-01  3.23790008e-02]
 [ 1.27016654e-02 -7.87298335e-01  1.00000000e-01]
 [-5.87298335e-01 -5.87298335e-01  4.32379001e-01]
 [-7.87298335e-01  1.27016654e-02 -1.00000000e-01]
 [-1.87298335e-01 -1.87298335e-01 -3.23790008e-02]
 [ 1.27016654e-02 -7.87298335e-01 -1.00000000e-01]
 [ 1.37459667e+00 -2.00000000e-01 -3.54919334e-01]
 [ 2.00000000e-01  1.74596669e-01 -4.50806662e-02]
 [ 1.74596669e-01  2.00000000e-01 -4.50806662e-02]
 [-2.00000000e-01  1.37459667e+00 -3.54919334e-01]
 [-8.87298335e-01 -8.87298335e-01  3.94039616e-16]
 [ 8.87298335e-01 -1.12701665e-01 -6.16084221e-16]
 [ 1.12701665e-01  1.12701665e-01 -5.00495935e-17]
 [-1.12701665e-01  8.87298335e-01  2.72094198e-16]
 [ 1.37459667e+00 -2.00000000e-01  3.54919334e-01]
 [ 2.00000000e-01  1.74596669e-01  4.50806662e-02]
 [ 1.74596669e-01  2.00000000e-01  4.50806662e-02]
 [-2.00000000e-01  1.37459667e+00  3.54919334e-01]] 
Gauss Point #16	(  0.0000;   0.7746;   0.0000): 
[[ 1.00000000e-01 -1.37298335e-01  1.00000000e-01]
 [-1.00000000e-01 -1.37298335e-01  1.00000000e-01]
 [-1.00000000e-01 -6.37298335e-01  1.00000000e-01]
 [ 1.00000000e-01 -6.37298335e-01  1.00000000e-01]
 [ 1.00000000e-01 -1.37298335e-01 -1.00000000e-01]
 [-1.00000000e-01 -1.37298335e-01 -1.00000000e-01]
 [-1.00000000e-01 -6.37298335e-01 -1.00000000e-01]
 [ 1.00000000e-01 -6.37298335e-01 -1.00000000e-01]
 [ 0.00000000e+00 -5.00000000e-01 -8.87298335e-01]
 [ 2.00000000e-01  7.74596669e-01 -2.00000000e-01]
 [ 0.00000000e+00  5.00000000e-01 -1.12701665e-01]
 [-2.00000000e-01  7.74596669e-01 -2.00000000e-01]
 [-8.87298335e-01 -5.00000000e-01  4.80037122e-16]
 [ 8.87298335e-01 -5.00000000e-01 -7.02081727e-16]
 [ 1.12701665e-01  5.00000000e-01  3.59479122e-17]
 [-1.12701665e-01  5.00000000e-01  1.86096693e-16]
 [ 0.00000000e+00 -5.00000000e-01  8.87298335e-01]
 [ 2.00000000e-01  7.74596669e-01  2.00000000e-01]
 [ 0.00000000e+00  5.00000000e-01  1.12701665e-01]
 [-2.00000000e-01  7.74596669e-01  2.00000000e-01]] 
Gauss Point #17	(  0.7746;   0.7746;   0.0000): 
[[ 7.87298335e-01  1.27016654e-02  1.00000000e-01]
 [ 5.87298335e-01 -5.87298335e-01 -4.32379001e-01]
 [-1.27016654e-02 -7.87298335e-01  1.00000000e-01]
 [ 1.87298335e-01 -1.87298335e-01  3.23790008e-02]
 [ 7.87298335e-01  1.27016654e-02 -1.00000000e-01]
 [ 5.87298335e-01 -5.87298335e-01  4.32379001e-01]
 [-1.27016654e-02 -7.87298335e-01 -1.00000000e-01]
 [ 1.87298335e-01 -1.87298335e-01 -3.23790008e-02]
 [-1.37459667e+00 -2.00000000e-01 -3.54919334e-01]
 [ 2.00000000e-01  1.37459667e+00 -3.54919334e-01]
 [-1.74596669e-01  2.00000000e-01 -4.50806662e-02]
 [-2.00000000e-01  1.74596669e-01 -4.50806662e-02]
 [-8.87298335e-01 -1.12701665e-01  5.66034628e-16]
 [ 8.87298335e-01 -8.87298335e-01 -7.88079233e-16]
 [ 1.12701665e-01  8.87298335e-01  1.21945418e-16]
 [-1.12701665e-01  1.12701665e-01  1.00099187e-16]
 [-1.37459667e+00 -2.00000000e-01  3.54919334e-01]
 [ 2.00000000e-01  1.37459667e+00  3.54919334e-01]
 [-1.74596669e-01  2.00000000e-01  4.50806662e-02]
 [-2.00000000e-01  1.74596669e-01  4.50806662e-02]] 
Gauss Point #18	( -0.7746;  -0.7746;   0.7746): 
[[ 0.01270167  0.25491933  0.25491933]
 [-0.05205634  0.05205634  0.05205634]
 [-0.25491933 -0.01270167  0.25491933]
 [-0.05491933  0.05491933  0.78729833]
 [-0.05491933  0.78729833  0.05491933]
 [-0.25491933  0.25491933 -0.01270167]
 [-0.78729833  0.05491933  0.05491933]
 [-1.65205634  1.65205634  1.65205634]
 [ 0.03935467 -0.04508067 -0.04508067]
 [ 0.04508067 -0.03935467 -0.04508067]
 [ 0.30983867  0.04508067 -0.35491933]
 [-0.04508067 -0.30983867 -0.35491933]
 [-0.04508067 -0.35491933 -0.30983867]
 [ 0.04508067 -0.04508067 -0.03935467]
 [ 0.35491933  0.04508067 -0.30983867]
 [-0.35491933  0.35491933 -2.43935467]
 [ 0.30983867 -0.35491933  0.04508067]
 [ 0.35491933 -0.30983867  0.04508067]
 [ 2.43935467  0.35491933  0.35491933]
 [-0.35491933 -2.43935467  0.35491933]] 
Gauss Point #19	(  0.0000;  -0.7746;   0.7746): 
[[ 0.032379    0.18729833  0.18729833]
 [-0.032379    0.18729833  0.18729833]
 [-0.1        -0.01270167  0.78729833]
 [ 0.1        -0.01270167  0.78729833]
 [ 0.1         0.78729833 -0.01270167]
 [-0.1         0.78729833 -0.01270167]
 [ 0.432379    0.58729833  0.58729833]
 [-0.432379    0.58729833  0.58729833]
 [ 0.         -0.11270167 -0.11270167]
 [ 0.04508067 -0.17459667 -0.2       ]
 [ 0.          0.11270167 -0.88729833]
 [-0.04508067 -0.17459667 -0.2       ]
 [-0.04508067 -0.2        -0.17459667]
 [ 0.04508067 -0.2        -0.17459667]
 [ 0.35491933  0.2        -1.37459667]
 [-0.35491933  0.2        -1.37459667]
 [ 0.         -0.88729833  0.11270167]
 [ 0.35491933 -1.37459667  0.2       ]
 [ 0.          0.88729833  0.88729833]
 [-0.35491933 -1.37459667  0.2       ]] 
Gauss Point #20	(  0.7746;  -0.7746;   0.7746): 
[[ 0.05205634  0.05205634  0.05205634]
 [-0.01270167  0.25491933  0.25491933]
 [ 0.05491933  0.05491933  0.78729833]
 [ 0.25491933 -0.01270167  0.25491933]
 [ 0.25491933  0.25491933 -0.01270167]
 [ 0.05491933  0.78729833  0.05491933]
 [ 1.65205634  1.65205634  1.65205634]
 [ 0.78729833  0.05491933  0.05491933]
 [-0.03935467 -0.04508067 -0.04508067]
 [ 0.04508067 -0.30983867 -0.35491933]
 [-0.30983867  0.04508067 -0.35491933]
 [-0.04508067 -0.03935467 -0.04508067]
 [-0.04508067 -0.04508067 -0.03935467]
 [ 0.04508067 -0.35491933 -0.30983867]
 [ 0.35491933  0.35491933 -2.43935467]
 [-0.35491933  0.04508067 -0.30983867]
 [-0.30983867 -0.35491933  0.04508067]
 [ 0.35491933 -2.43935467  0.35491933]
 [-2.43935467  0.35491933  0.35491933]
 [-0.35491933 -0.30983867  0.04508067]] 
Gauss Point #21	( -0.7746;   0.0000;   0.7746): 
[[ 1.27016654e-02  1.00000000e-01  7.87298335e-01]
 [-1.87298335e-01  3.23790008e-02  1.87298335e-01]
 [-1.87298335e-01 -3.23790008e-02  1.87298335e-01]
 [ 1.27016654e-02 -1.00000000e-01  7.87298335e-01]
 [-5.87298335e-01 -4.32379001e-01  5.87298335e-01]
 [-7.87298335e-01  1.00000000e-01 -1.27016654e-02]
 [-7.87298335e-01 -1.00000000e-01 -1.27016654e-02]
 [-5.87298335e-01  4.32379001e-01  5.87298335e-01]
 [ 1.74596669e-01 -4.50806662e-02 -2.00000000e-01]
 [ 1.12701665e-01  1.18867785e-16 -1.12701665e-01]
 [ 1.74596669e-01  4.50806662e-02 -2.00000000e-01]
 [-1.12701665e-01  5.47266030e-16 -8.87298335e-01]
 [-2.00000000e-01 -3.54919334e-01 -1.37459667e+00]
 [ 2.00000000e-01 -4.50806662e-02 -1.74596669e-01]
 [ 2.00000000e-01  4.50806662e-02 -1.74596669e-01]
 [-2.00000000e-01  3.54919334e-01 -1.37459667e+00]
 [ 1.37459667e+00 -3.54919334e-01  2.00000000e-01]
 [ 8.87298335e-01  2.69710274e-16  1.12701665e-01]
 [ 1.37459667e+00  3.54919334e-01  2.00000000e-01]
 [-8.87298335e-01 -9.35844089e-16  8.87298335e-01]] 
Gauss Point #22	(  0.0000;   0.0000;   0.7746): 
[[ 1.00000000e-01  1.00000000e-01  6.37298335e-01]
 [-1.00000000e-01  1.00000000e-01  6.37298335e-01]
 [-1.00000000e-01 -1.00000000e-01  6.37298335e-01]
 [ 1.00000000e-01 -1.00000000e-01  6.37298335e-01]
 [ 1.00000000e-01  1.00000000e-01  1.37298335e-01]
 [-1.00000000e-01  1.00000000e-01  1.37298335e-01]
 [-1.00000000e-01 -1.00000000e-01  1.37298335e-01]
 [ 1.00000000e-01 -1.00000000e-01  1.37298335e-01]
 [ 0.00000000e+00 -1.12701665e-01 -5.00000000e-01]
 [ 1.12701665e-01  3.76860302e-16 -5.00000000e-01]
 [ 0.00000000e+00  1.12701665e-01 -5.00000000e-01]
 [-1.12701665e-01  2.89273513e-16 -5.00000000e-01]
 [-2.00000000e-01 -2.00000000e-01 -7.74596669e-01]
 [ 2.00000000e-01 -2.00000000e-01 -7.74596669e-01]
 [ 2.00000000e-01  2.00000000e-01 -7.74596669e-01]
 [-2.00000000e-01  2.00000000e-01 -7.74596669e-01]
 [ 0.00000000e+00 -8.87298335e-01  5.00000000e-01]
 [ 8.87298335e-01  1.17177569e-17  5.00000000e-01]
 [ 0.00000000e+00  8.87298335e-01  5.00000000e-01]
 [-8.87298335e-01 -6.77851572e-16  5.00000000e-01]] 
Gauss Point #23	(  0.7746;   0.0000;   0.7746): 
[[ 1.87298335e-01  3.23790008e-02  1.87298335e-01]
 [-1.27016654e-02  1.00000000e-01  7.87298335e-01]
 [-1.27016654e-02 -1.00000000e-01  7.87298335e-01]
 [ 1.87298335e-01 -3.23790008e-02  1.87298335e-01]
 [ 7.87298335e-01  1.00000000e-01 -1.27016654e-02]
 [ 5.87298335e-01 -4.32379001e-01  5.87298335e-01]
 [ 5.87298335e-01  4.32379001e-01  5.87298335e-01]
 [ 7.87298335e-01 -1.00000000e-01 -1.27016654e-02]
 [-1.74596669e-01 -4.50806662e-02 -2.00000000e-01]
 [ 1.12701665e-01  6.34852819e-16 -8.87298335e-01]
 [-1.74596669e-01  4.50806662e-02 -2.00000000e-01]
 [-1.12701665e-01  3.12809960e-17 -1.12701665e-01]
 [-2.00000000e-01 -4.50806662e-02 -1.74596669e-01]
 [ 2.00000000e-01 -3.54919334e-01 -1.37459667e+00]
 [ 2.00000000e-01  3.54919334e-01 -1.37459667e+00]
 [-2.00000000e-01  4.50806662e-02 -1.74596669e-01]
 [-1.37459667e+00 -3.54919334e-01  2.00000000e-01]
 [ 8.87298335e-01 -2.46274760e-16  8.87298335e-01]
 [-1.37459667e+00  3.54919334e-01  2.00000000e-01]
 [-8.87298335e-01 -4.19859055e-16  1.12701665e-01]] 
Gauss Point #24	( -0.7746;   0.7746;   0.7746): 
[[-0.05491933 -0.05491933  0.78729833]
 [-0.25491933  0.01270167  0.25491933]
 [-0.05205634 -0.05205634  0.05205634]
 [ 0.01270167 -0.25491933  0.25491933]
 [-1.65205634 -1.65205634  1.65205634]
 [-0.78729833 -0.05491933  0.05491933]
 [-0.25491933 -0.25491933 -0.01270167]
 [-0.05491933 -0.78729833  0.05491933]
 [ 0.30983867 -0.04508067 -0.35491933]
 [ 0.04508067  0.03935467 -0.04508067]
 [ 0.03935467  0.04508067 -0.04508067]
 [-0.04508067  0.30983867 -0.35491933]
 [-0.35491933 -0.35491933 -2.43935467]
 [ 0.35491933 -0.04508067 -0.30983867]
 [ 0.04508067  0.04508067 -0.03935467]
 [-0.04508067  0.35491933 -0.30983867]
 [ 2.43935467 -0.35491933  0.35491933]
 [ 0.35491933  0.30983867  0.04508067]
 [ 0.30983867  0.35491933  0.04508067]
 [-0.35491933  2.43935467  0.35491933]] 
Gauss Point #25	(  0.0000;   0.7746;   0.7746): 
[[ 0.1         0.01270167  0.78729833]
 [-0.1         0.01270167  0.78729833]
 [-0.032379   -0.18729833  0.18729833]
 [ 0.032379   -0.18729833  0.18729833]
 [-0.432379   -0.58729833  0.58729833]
 [ 0.432379   -0.58729833  0.58729833]
 [-0.1        -0.78729833 -0.01270167]
 [ 0.1        -0.78729833 -0.01270167]
 [ 0.         -0.11270167 -0.88729833]
 [ 0.04508067  0.17459667 -0.2       ]
 [ 0.          0.11270167 -0.11270167]
 [-0.04508067  0.17459667 -0.2       ]
 [-0.35491933 -0.2        -1.37459667]
 [ 0.35491933 -0.2        -1.37459667]
 [ 0.04508067  0.2        -0.17459667]
 [-0.04508067  0.2        -0.17459667]
 [ 0.         -0.88729833  0.88729833]
 [ 0.35491933  1.37459667  0.2       ]
 [ 0.          0.88729833  0.11270167]
 [-0.35491933  1.37459667  0.2       ]] 
Gauss Point #26	(  0.7746;   0.7746;   0.7746): 
[[ 0.25491933  0.01270167  0.25491933]
 [ 0.05491933 -0.05491933  0.78729833]
 [-0.01270167 -0.25491933  0.25491933]
 [ 0.05205634 -0.05205634  0.05205634]
 [ 0.78729833 -0.05491933  0.05491933]
 [ 1.65205634 -1.65205634  1.65205634]
 [ 0.05491933 -0.78729833  0.05491933]
 [ 0.25491933 -0.25491933 -0.01270167]
 [-0.30983867 -0.04508067 -0.35491933]
 [ 0.04508067  0.30983867 -0.35491933]
 [-0.03935467  0.04508067 -0.04508067]
 [-0.04508067  0.03935467 -0.04508067]
 [-0.35491933 -0.04508067 -0.30983867]
 [ 0.35491933 -0.35491933 -2.43935467]
 [ 0.04508067  0.35491933 -0.30983867]
 [-0.04508067  0.04508067 -0.03935467]
 [-2.43935467 -0.35491933  0.35491933]
 [ 0.35491933  2.43935467  0.35491933]
 [-0.30983867  0.35491933  0.04508067]
 [-0.35491933  0.30983867  0.04508067]] 

MGE 
[-0.38390313 -0.22008547 -0.12962963 -0.19159544 -0.19159544 -0.12962963
 -0.04309117 -0.1207265   0.42450142  0.02920228  0.2037037   0.17165242
  0.17165242  0.02920228 -0.04843305  0.1039886   0.2037037  -0.04843305
  0.06552707  0.1039886  -0.10327635  0.0042735  -0.00356125 -0.0042735
 -0.02759972  0.00160256  0.02759972 -0.00160256  0.06054131 -0.01780627
 -0.01780627  0.08190883 -0.01602564  0.06089744 -0.09081197  0.04594017
  0.03561254 -0.03561254 -0.03561254  0.03561254 -0.10327635  0.0042735
  0.00160256 -0.02759972 -0.0042735  -0.00356125  0.02759972 -0.00160256
  0.06054131  0.06089744  0.03561254 -0.01602564  0.08190883 -0.01780627
 -0.03561254  0.03561254 -0.01780627 -0.09081197 -0.03561254  0.04594017] 
[-0.22008547 -0.38390313 -0.19159544 -0.12962963 -0.12962963 -0.19159544
 -0.1207265  -0.04309117  0.42450142  0.17165242  0.2037037   0.02920228
  0.02920228  0.17165242  0.1039886  -0.04843305  0.2037037   0.1039886
  0.06552707 -0.04843305 -0.0042735   0.10327635  0.0042735   0.00356125
 -0.00160256  0.02759972  0.00160256 -0.02759972 -0.06054131 -0.08190883
  0.01780627  0.01780627 -0.06089744  0.01602564 -0.04594017  0.09081197
 -0.03561254 -0.03561254  0.03561254  0.03561254 -0.0042735   0.10327635
  0.02759972 -0.00160256  0.00356125  0.0042735   0.00160256 -0.02759972
 -0.06054131  0.01602564 -0.03561254 -0.06089744  0.01780627 -0.08190883
 -0.03561254  0.03561254  0.01780627 -0.04594017  0.03561254  0.09081197] 
[-0.12962963 -0.19159544 -0.38390313 -0.22008547 -0.04309117 -0.1207265
 -0.19159544 -0.12962963  0.2037037   0.17165242  0.42450142  0.02920228
 -0.04843305  0.1039886   0.17165242  0.02920228  0.06552707  0.1039886
  0.2037037  -0.04843305 -0.00356125 -0.0042735  -0.10327635  0.0042735
  0.02759972 -0.00160256 -0.02759972  0.00160256 -0.01780627  0.08190883
  0.06054131 -0.01780627 -0.09081197  0.04594017 -0.01602564  0.06089744
 -0.03561254  0.03561254  0.03561254 -0.03561254 -0.00160256  0.02759972
  0.10327635 -0.0042735  -0.02759972  0.00160256  0.0042735   0.00356125
 -0.03561254  0.01602564 -0.06054131 -0.06089744  0.03561254 -0.03561254
 -0.08190883  0.01780627  0.03561254 -0.04594017  0.01780627  0.09081197] 
[-0.19159544 -0.12962963 -0.22008547 -0.38390313 -0.1207265  -0.04309117
 -0.12962963 -0.19159544  0.2037037   0.02920228  0.42450142  0.17165242
  0.1039886  -0.04843305  0.02920228  0.17165242  0.06552707 -0.04843305
  0.2037037   0.1039886   0.0042735   0.00356125 -0.0042735   0.10327635
  0.00160256 -0.02759972 -0.00160256  0.02759972  0.01780627  0.01780627
 -0.06054131 -0.08190883 -0.04594017  0.09081197 -0.06089744  0.01602564
  0.03561254  0.03561254 -0.03561254 -0.03561254 -0.02759972  0.00160256
  0.0042735  -0.10327635 -0.00160256  0.02759972 -0.00356125 -0.0042735
  0.03561254  0.06089744  0.06054131 -0.01602564  0.03561254 -0.03561254
 -0.01780627  0.08190883 -0.03561254 -0.09081197 -0.01780627  0.04594017] 
[-0.19159544 -0.12962963 -0.04309117 -0.1207265  -0.38390313 -0.22008547
 -0.12962963 -0.19159544  0.2037037  -0.04843305  0.06552707  0.1039886
  0.17165242  0.02920228 -0.04843305  0.1039886   0.42450142  0.02920228
  0.2037037   0.17165242 -0.02759972  0.00160256  0.02759972 -0.00160256
 -0.10327635  0.0042735  -0.00356125 -0.0042735   0.03561254 -0.03561254
 -0.03561254  0.03561254 -0.01602564  0.06089744 -0.09081197  0.04594017
  0.06054131 -0.01780627 -0.01780627  0.08190883  0.0042735   0.00356125
 -0.02759972  0.00160256  0.10327635 -0.0042735  -0.00160256  0.02759972
  0.01780627  0.09081197  0.03561254 -0.04594017 -0.08190883  0.01780627
  0.03561254 -0.03561254 -0.06054131 -0.06089744 -0.03561254  0.01602564] 
[-0.12962963 -0.19159544 -0.1207265  -0.04309117 -0.22008547 -0.38390313
 -0.19159544 -0.12962963  0.2037037   0.1039886   0.06552707 -0.04843305
  0.02920228  0.17165242  0.1039886  -0.04843305  0.42450142  0.17165242
  0.2037037   0.02920228 -0.00160256  0.02759972  0.00160256 -0.02759972
 -0.0042735   0.10327635  0.0042735   0.00356125 -0.03561254 -0.03561254
  0.03561254  0.03561254 -0.06089744  0.01602564 -0.04594017  0.09081197
 -0.06054131 -0.08190883  0.01780627  0.01780627 -0.00356125 -0.0042735
 -0.00160256  0.02759972  0.0042735  -0.10327635 -0.02759972  0.00160256
 -0.01780627  0.04594017 -0.03561254 -0.09081197 -0.01780627  0.08190883
  0.03561254 -0.03561254  0.06054131 -0.01602564  0.03561254  0.06089744] 
[-0.04309117 -0.1207265  -0.19159544 -0.12962963 -0.12962963 -0.19159544
 -0.38390313 -0.22008547  0.06552707  0.1039886   0.2037037  -0.04843305
 -0.04843305  0.1039886   0.17165242  0.02920228  0.2037037   0.17165242
  0.42450142  0.02920228  0.02759972 -0.00160256 -0.02759972  0.00160256
 -0.00356125 -0.0042735  -0.10327635  0.0042735  -0.03561254  0.03561254
  0.03561254 -0.03561254 -0.09081197  0.04594017 -0.01602564  0.06089744
 -0.01780627  0.08190883  0.06054131 -0.01780627  0.02759972 -0.00160256
 -0.0042735  -0.00356125  0.00160256 -0.02759972 -0.10327635  0.0042735
 -0.03561254  0.04594017 -0.01780627 -0.09081197 -0.03561254  0.03561254
  0.08190883 -0.01780627  0.03561254 -0.01602564  0.06054131  0.06089744] 
[-0.1207265  -0.04309117 -0.12962963 -0.19159544 -0.19159544 -0.12962963
 -0.22008547 -0.38390313  0.06552707 -0.04843305  0.2037037   0.1039886
  0.1039886  -0.04843305  0.02920228  0.17165242  0.2037037   0.02920228
  0.42450142  0.17165242  0.00160256 -0.02759972 -0.00160256  0.02759972
  0.0042735   0.00356125 -0.0042735   0.10327635  0.03561254  0.03561254
 -0.03561254 -0.03561254 -0.04594017  0.09081197 -0.06089744  0.01602564
  0.01780627  0.01780627 -0.06054131 -0.08190883  0.00160256 -0.02759972
  0.00356125  0.0042735   0.02759972 -0.00160256 -0.0042735   0.10327635
  0.03561254  0.09081197  0.01780627 -0.04594017 -0.03561254  0.03561254
  0.01780627 -0.08190883 -0.03561254 -0.06089744 -0.06054131  0.01602564] 
[ 4.24501425e-01  4.24501425e-01  2.03703704e-01  2.03703704e-01
  2.03703704e-01  2.03703704e-01  6.55270655e-02  6.55270655e-02
 -9.34472934e-01 -4.27350427e-02 -3.64672365e-01 -4.27350427e-02
 -4.27350427e-02 -4.27350427e-02  4.27350427e-02  4.27350427e-02
 -3.64672365e-01  4.27350427e-02 -1.31054131e-01  4.27350427e-02
  8.19088319e-02 -8.19088319e-02 -1.78062678e-02  1.78062678e-02
  3.56125356e-02 -3.56125356e-02 -3.56125356e-02  3.56125356e-02
 -2.89426766e-16  1.42450142e-01 -7.89272411e-17 -1.42450142e-01
  2.13675214e-02 -2.13675214e-02  1.06837607e-01 -1.06837607e-01
 -1.19715998e-16  7.12250712e-02 -5.01891909e-17 -7.12250712e-02
  8.19088319e-02 -8.19088319e-02 -3.56125356e-02  3.56125356e-02
  1.78062678e-02 -1.78062678e-02 -3.56125356e-02  3.56125356e-02
  3.32147678e-16 -2.13675214e-02  1.64852271e-16  2.13675214e-02
 -1.42450142e-01  1.42450142e-01  7.12250712e-02 -7.12250712e-02
  2.14988590e-16  1.06837607e-01  1.05545074e-16 -1.06837607e-01] 
[ 2.92022792e-02  1.71652422e-01  1.71652422e-01  2.92022792e-02
 -4.84330484e-02  1.03988604e-01  1.03988604e-01 -4.84330484e-02
 -4.27350427e-02 -5.35612536e-01 -4.27350427e-02  9.11680912e-02
  1.49572650e-01 -1.49572650e-01 -1.49572650e-01  1.49572650e-01
  4.27350427e-02 -1.65242165e-01  4.27350427e-02  9.68660969e-02
 -1.78062678e-02 -6.05413105e-02  6.05413105e-02  1.78062678e-02
 -3.56125356e-02 -3.56125356e-02  3.56125356e-02  3.56125356e-02
  1.42450142e-01 -1.63304941e-16 -1.42450142e-01  7.49846269e-17
  1.06837607e-01  2.13675214e-02 -2.13675214e-02 -1.06837607e-01
  7.12250712e-02 -2.77555756e-17 -7.12250712e-02  1.22803966e-16
  4.59401709e-02  1.60256410e-02  1.60256410e-02  4.59401709e-02
  9.08119658e-02  6.08974359e-02  6.08974359e-02  9.08119658e-02
  2.13675214e-02  1.28205128e-01  2.13675214e-02  2.56410256e-02
 -1.06837607e-01 -2.13675214e-02 -2.13675214e-02 -1.06837607e-01
 -1.06837607e-01 -2.56410256e-02 -1.06837607e-01 -1.28205128e-01] 
[ 2.03703704e-01  2.03703704e-01  4.24501425e-01  4.24501425e-01
  6.55270655e-02  6.55270655e-02  2.03703704e-01  2.03703704e-01
 -3.64672365e-01 -4.27350427e-02 -9.34472934e-01 -4.27350427e-02
  4.27350427e-02  4.27350427e-02 -4.27350427e-02 -4.27350427e-02
 -1.31054131e-01  4.27350427e-02 -3.64672365e-01  4.27350427e-02
 -1.78062678e-02  1.78062678e-02  8.19088319e-02 -8.19088319e-02
 -3.56125356e-02  3.56125356e-02  3.56125356e-02 -3.56125356e-02
 -1.00717697e-16 -1.42450142e-01 -2.02391433e-16  1.42450142e-01
  1.06837607e-01 -1.06837607e-01  2.13675214e-02 -2.13675214e-02
 -4.99964439e-17 -7.12250712e-02 -1.11952575e-16  7.12250712e-02
  3.56125356e-02 -3.56125356e-02 -8.19088319e-02  8.19088319e-02
  3.56125356e-02 -3.56125356e-02 -1.78062678e-02  1.78062678e-02
  1.66611088e-16 -2.13675214e-02  3.78527103e-16  2.13675214e-02
 -7.12250712e-02  7.12250712e-02  1.42450142e-01 -1.42450142e-01
  1.05903797e-16  1.06837607e-01  1.84859147e-16 -1.06837607e-01] 
[ 1.71652422e-01  2.92022792e-02  2.92022792e-02  1.71652422e-01
  1.03988604e-01 -4.84330484e-02 -4.84330484e-02  1.03988604e-01
 -4.27350427e-02  9.11680912e-02 -4.27350427e-02 -5.35612536e-01
 -1.49572650e-01  1.49572650e-01  1.49572650e-01 -1.49572650e-01
  4.27350427e-02  9.68660969e-02  4.27350427e-02 -1.65242165e-01
  6.05413105e-02  1.78062678e-02 -1.78062678e-02 -6.05413105e-02
  3.56125356e-02  3.56125356e-02 -3.56125356e-02 -3.56125356e-02
 -1.42450142e-01  9.67831139e-17  1.42450142e-01 -7.27620125e-18
 -2.13675214e-02 -1.06837607e-01  1.06837607e-01  2.13675214e-02
 -7.12250712e-02 -4.66447868e-17  7.12250712e-02 -4.99214867e-17
 -1.60256410e-02 -4.59401709e-02 -4.59401709e-02 -1.60256410e-02
 -6.08974359e-02 -9.08119658e-02 -9.08119658e-02 -6.08974359e-02
 -2.13675214e-02 -2.56410256e-02 -2.13675214e-02 -1.28205128e-01
  2.13675214e-02  1.06837607e-01  1.06837607e-01  2.13675214e-02
  1.06837607e-01  1.28205128e-01  1.06837607e-01  2.56410256e-02] 
[ 1.71652422e-01  2.92022792e-02 -4.84330484e-02  1.03988604e-01
  1.71652422e-01  2.92022792e-02 -4.84330484e-02  1.03988604e-01
 -4.27350427e-02  1.49572650e-01  4.27350427e-02 -1.49572650e-01
 -5.35612536e-01  9.11680912e-02  9.68660969e-02 -1.65242165e-01
 -4.27350427e-02  1.49572650e-01  4.27350427e-02 -1.49572650e-01
 -1.60256410e-02 -4.59401709e-02 -9.08119658e-02 -6.08974359e-02
 -1.60256410e-02 -4.59401709e-02 -9.08119658e-02 -6.08974359e-02
 -2.13675214e-02  1.06837607e-01  1.06837607e-01  2.13675214e-02
 -1.28205128e-01 -2.56410256e-02  1.28205128e-01  2.56410256e-02
 -2.13675214e-02  1.06837607e-01  1.06837607e-01  2.13675214e-02
  6.05413105e-02  1.78062678e-02  3.56125356e-02  3.56125356e-02
 -6.05413105e-02 -1.78062678e-02 -3.56125356e-02 -3.56125356e-02
 -1.42450142e-01 -1.06837607e-01 -7.12250712e-02 -2.13675214e-02
  8.32667268e-17 -9.19403442e-17 -2.16840434e-17  7.63278329e-17
  1.42450142e-01  1.06837607e-01  7.12250712e-02  2.13675214e-02] 
[ 2.92022792e-02  1.71652422e-01  1.03988604e-01 -4.84330484e-02
  2.92022792e-02  1.71652422e-01  1.03988604e-01 -4.84330484e-02
 -4.27350427e-02 -1.49572650e-01  4.27350427e-02  1.49572650e-01
  9.11680912e-02 -5.35612536e-01 -1.65242165e-01  9.68660969e-02
 -4.27350427e-02 -1.49572650e-01  4.27350427e-02  1.49572650e-01
  4.59401709e-02  1.60256410e-02  6.08974359e-02  9.08119658e-02
  4.59401709e-02  1.60256410e-02  6.08974359e-02  9.08119658e-02
  2.13675214e-02 -2.13675214e-02 -1.06837607e-01 -1.06837607e-01
  2.56410256e-02  1.28205128e-01 -2.56410256e-02 -1.28205128e-01
  2.13675214e-02 -2.13675214e-02 -1.06837607e-01 -1.06837607e-01
 -1.78062678e-02 -6.05413105e-02 -3.56125356e-02 -3.56125356e-02
  1.78062678e-02  6.05413105e-02  3.56125356e-02  3.56125356e-02
  1.42450142e-01  2.13675214e-02  7.12250712e-02  1.06837607e-01
 -8.50014503e-17  1.04083409e-16  2.08166817e-17 -7.97972799e-17
 -1.42450142e-01 -2.13675214e-02 -7.12250712e-02 -1.06837607e-01] 
[-4.84330484e-02  1.03988604e-01  1.71652422e-01  2.92022792e-02
 -4.84330484e-02  1.03988604e-01  1.71652422e-01  2.92022792e-02
  4.27350427e-02 -1.49572650e-01 -4.27350427e-02  1.49572650e-01
  9.68660969e-02 -1.65242165e-01 -5.35612536e-01  9.11680912e-02
  4.27350427e-02 -1.49572650e-01 -4.27350427e-02  1.49572650e-01
 -9.08119658e-02 -6.08974359e-02 -1.60256410e-02 -4.59401709e-02
 -9.08119658e-02 -6.08974359e-02 -1.60256410e-02 -4.59401709e-02
  1.06837607e-01  2.13675214e-02 -2.13675214e-02  1.06837607e-01
  1.28205128e-01  2.56410256e-02 -1.28205128e-01 -2.56410256e-02
  1.06837607e-01  2.13675214e-02 -2.13675214e-02  1.06837607e-01
 -3.56125356e-02 -3.56125356e-02 -6.05413105e-02 -1.78062678e-02
  3.56125356e-02  3.56125356e-02  6.05413105e-02  1.78062678e-02
  7.12250712e-02  2.13675214e-02  1.42450142e-01  1.06837607e-01
 -2.77555756e-17  3.81639165e-17  5.55111512e-17 -1.30104261e-16
 -7.12250712e-02 -2.13675214e-02 -1.42450142e-01 -1.06837607e-01] 
[ 1.03988604e-01 -4.84330484e-02  2.92022792e-02  1.71652422e-01
  1.03988604e-01 -4.84330484e-02  2.92022792e-02  1.71652422e-01
  4.27350427e-02  1.49572650e-01 -4.27350427e-02 -1.49572650e-01
 -1.65242165e-01  9.68660969e-02  9.11680912e-02 -5.35612536e-01
  4.27350427e-02  1.49572650e-01 -4.27350427e-02 -1.49572650e-01
  6.08974359e-02  9.08119658e-02  4.59401709e-02  1.60256410e-02
  6.08974359e-02  9.08119658e-02  4.59401709e-02  1.60256410e-02
 -1.06837607e-01 -1.06837607e-01  2.13675214e-02 -2.13675214e-02
 -2.56410256e-02 -1.28205128e-01  2.56410256e-02  1.28205128e-01
 -1.06837607e-01 -1.06837607e-01  2.13675214e-02 -2.13675214e-02
  3.56125356e-02  3.56125356e-02  1.78062678e-02  6.05413105e-02
 -3.56125356e-02 -3.56125356e-02 -1.78062678e-02 -6.05413105e-02
 -7.12250712e-02 -1.06837607e-01 -1.42450142e-01 -2.13675214e-02
  6.59194921e-17 -7.28583860e-17 -1.04083409e-16  1.94289029e-16
  7.12250712e-02  1.06837607e-01  1.42450142e-01  2.13675214e-02] 
[ 2.03703704e-01  2.03703704e-01  6.55270655e-02  6.55270655e-02
  4.24501425e-01  4.24501425e-01  2.03703704e-01  2.03703704e-01
 -3.64672365e-01  4.27350427e-02 -1.31054131e-01  4.27350427e-02
 -4.27350427e-02 -4.27350427e-02  4.27350427e-02  4.27350427e-02
 -9.34472934e-01 -4.27350427e-02 -3.64672365e-01 -4.27350427e-02
  3.56125356e-02 -3.56125356e-02 -3.56125356e-02  3.56125356e-02
  8.19088319e-02 -8.19088319e-02 -1.78062678e-02  1.78062678e-02
 -1.15401944e-16  7.12250712e-02 -4.81760551e-17 -7.12250712e-02
  2.13675214e-02 -2.13675214e-02  1.06837607e-01 -1.06837607e-01
 -2.21022477e-16  1.42450142e-01 -1.18147251e-16 -1.42450142e-01
 -1.78062678e-02  1.78062678e-02  3.56125356e-02 -3.56125356e-02
 -8.19088319e-02  8.19088319e-02  3.56125356e-02 -3.56125356e-02
  2.08777183e-16 -1.06837607e-01  1.00447985e-16  1.06837607e-01
  1.42450142e-01 -1.42450142e-01 -7.12250712e-02  7.12250712e-02
  3.72183851e-16  2.13675214e-02  1.98691426e-16 -2.13675214e-02] 
[-4.84330484e-02  1.03988604e-01  1.03988604e-01 -4.84330484e-02
  2.92022792e-02  1.71652422e-01  1.71652422e-01  2.92022792e-02
  4.27350427e-02 -1.65242165e-01  4.27350427e-02  9.68660969e-02
  1.49572650e-01 -1.49572650e-01 -1.49572650e-01  1.49572650e-01
 -4.27350427e-02 -5.35612536e-01 -4.27350427e-02  9.11680912e-02
 -3.56125356e-02 -3.56125356e-02  3.56125356e-02  3.56125356e-02
 -1.78062678e-02 -6.05413105e-02  6.05413105e-02  1.78062678e-02
  7.12250712e-02 -6.03298276e-17 -7.12250712e-02 -4.87168176e-17
  1.06837607e-01  2.13675214e-02 -2.13675214e-02 -1.06837607e-01
  1.42450142e-01  1.07456482e-17 -1.42450142e-01  7.16296235e-17
 -9.08119658e-02 -6.08974359e-02 -6.08974359e-02 -9.08119658e-02
 -4.59401709e-02 -1.60256410e-02 -1.60256410e-02 -4.59401709e-02
  1.06837607e-01  2.56410256e-02  1.06837607e-01  1.28205128e-01
  1.06837607e-01  2.13675214e-02  2.13675214e-02  1.06837607e-01
 -2.13675214e-02 -1.28205128e-01 -2.13675214e-02 -2.56410256e-02] 
[ 6.55270655e-02  6.55270655e-02  2.03703704e-01  2.03703704e-01
  2.03703704e-01  2.03703704e-01  4.24501425e-01  4.24501425e-01
 -1.31054131e-01  4.27350427e-02 -3.64672365e-01  4.27350427e-02
  4.27350427e-02  4.27350427e-02 -4.27350427e-02 -4.27350427e-02
 -3.64672365e-01 -4.27350427e-02 -9.34472934e-01 -4.27350427e-02
 -3.56125356e-02  3.56125356e-02  3.56125356e-02 -3.56125356e-02
 -1.78062678e-02  1.78062678e-02  8.19088319e-02 -8.19088319e-02
 -5.27323812e-17 -7.12250712e-02 -1.14895983e-16  7.12250712e-02
  1.06837607e-01 -1.06837607e-01  2.13675214e-02 -2.13675214e-02
 -1.18082333e-16 -1.42450142e-01 -2.13338361e-16  1.42450142e-01
 -3.56125356e-02  3.56125356e-02  1.78062678e-02 -1.78062678e-02
 -3.56125356e-02  3.56125356e-02  8.19088319e-02 -8.19088319e-02
  1.00356966e-16 -1.06837607e-01  1.84446883e-16  1.06837607e-01
  7.12250712e-02 -7.12250712e-02 -1.42450142e-01  1.42450142e-01
  1.97555021e-16  2.13675214e-02  3.79789663e-16 -2.13675214e-02] 
[ 1.03988604e-01 -4.84330484e-02 -4.84330484e-02  1.03988604e-01
  1.71652422e-01  2.92022792e-02  2.92022792e-02  1.71652422e-01
  4.27350427e-02  9.68660969e-02  4.27350427e-02 -1.65242165e-01
 -1.49572650e-01  1.49572650e-01  1.49572650e-01 -1.49572650e-01
 -4.27350427e-02  9.11680912e-02 -4.27350427e-02 -5.35612536e-01
  3.56125356e-02  3.56125356e-02 -3.56125356e-02 -3.56125356e-02
  6.05413105e-02  1.78062678e-02 -1.78062678e-02 -6.05413105e-02
 -7.12250712e-02  1.22563032e-16  7.12250712e-02 -1.83109700e-17
 -2.13675214e-02 -1.06837607e-01  1.06837607e-01  2.13675214e-02
 -1.42450142e-01  4.55455263e-17  1.42450142e-01 -1.31525770e-16
  6.08974359e-02  9.08119658e-02  9.08119658e-02  6.08974359e-02
  1.60256410e-02  4.59401709e-02  4.59401709e-02  1.60256410e-02
 -1.06837607e-01 -1.28205128e-01 -1.06837607e-01 -2.56410256e-02
 -2.13675214e-02 -1.06837607e-01 -1.06837607e-01 -2.13675214e-02
  2.13675214e-02  2.56410256e-02  2.13675214e-02  1.28205128e-01] 
[-0.10327635  0.0042735  -0.00356125 -0.0042735  -0.02759972  0.00160256
  0.02759972 -0.00160256  0.06054131 -0.01780627 -0.01780627  0.08190883
 -0.01602564  0.06089744 -0.09081197  0.04594017  0.03561254 -0.03561254
 -0.03561254  0.03561254 -0.38390313 -0.19159544 -0.12962963 -0.22008547
 -0.19159544 -0.1207265  -0.04309117 -0.12962963  0.17165242  0.2037037
  0.02920228  0.42450142  0.17165242  0.1039886  -0.04843305  0.02920228
  0.1039886   0.06552707 -0.04843305  0.2037037  -0.10327635 -0.02759972
  0.00160256  0.0042735  -0.0042735  -0.00160256  0.02759972 -0.00356125
 -0.01602564  0.03561254  0.06089744  0.06054131  0.08190883  0.03561254
 -0.03561254 -0.01780627  0.04594017 -0.03561254 -0.09081197 -0.01780627] 
[-0.0042735   0.10327635  0.0042735   0.00356125 -0.00160256  0.02759972
  0.00160256 -0.02759972 -0.06054131 -0.08190883  0.01780627  0.01780627
 -0.06089744  0.01602564 -0.04594017  0.09081197 -0.03561254 -0.03561254
  0.03561254  0.03561254 -0.19159544 -0.38390313 -0.22008547 -0.12962963
 -0.1207265  -0.19159544 -0.12962963 -0.04309117  0.17165242  0.42450142
  0.02920228  0.2037037   0.1039886   0.17165242  0.02920228 -0.04843305
  0.1039886   0.2037037  -0.04843305  0.06552707 -0.02759972 -0.10327635
  0.0042735   0.00160256 -0.00160256 -0.0042735  -0.00356125  0.02759972
 -0.01602564  0.06054131  0.06089744  0.03561254  0.03561254  0.08190883
 -0.01780627 -0.03561254  0.04594017 -0.01780627 -0.09081197 -0.03561254] 
[-0.00356125 -0.0042735  -0.10327635  0.0042735   0.02759972 -0.00160256
 -0.02759972  0.00160256 -0.01780627  0.08190883  0.06054131 -0.01780627
 -0.09081197  0.04594017 -0.01602564  0.06089744 -0.03561254  0.03561254
  0.03561254 -0.03561254 -0.12962963 -0.22008547 -0.38390313 -0.19159544
 -0.04309117 -0.12962963 -0.19159544 -0.1207265   0.02920228  0.42450142
  0.17165242  0.2037037  -0.04843305  0.02920228  0.17165242  0.1039886
 -0.04843305  0.2037037   0.1039886   0.06552707 -0.00160256 -0.0042735
  0.10327635  0.02759972 -0.02759972  0.00356125  0.0042735   0.00160256
 -0.06089744 -0.06054131  0.01602564 -0.03561254  0.03561254  0.01780627
 -0.08190883 -0.03561254  0.09081197  0.01780627 -0.04594017  0.03561254] 
[ 0.0042735   0.00356125 -0.0042735   0.10327635  0.00160256 -0.02759972
 -0.00160256  0.02759972  0.01780627  0.01780627 -0.06054131 -0.08190883
 -0.04594017  0.09081197 -0.06089744  0.01602564  0.03561254  0.03561254
 -0.03561254 -0.03561254 -0.22008547 -0.12962963 -0.19159544 -0.38390313
 -0.12962963 -0.04309117 -0.1207265  -0.19159544  0.02920228  0.2037037
  0.17165242  0.42450142  0.02920228 -0.04843305  0.1039886   0.17165242
 -0.04843305  0.06552707  0.1039886   0.2037037  -0.0042735  -0.00160256
  0.02759972  0.10327635  0.00356125 -0.02759972  0.00160256  0.0042735
 -0.06089744 -0.03561254  0.01602564 -0.06054131  0.01780627  0.03561254
 -0.03561254 -0.08190883  0.09081197  0.03561254 -0.04594017  0.01780627] 
[-0.02759972  0.00160256  0.02759972 -0.00160256 -0.10327635  0.0042735
 -0.00356125 -0.0042735   0.03561254 -0.03561254 -0.03561254  0.03561254
 -0.01602564  0.06089744 -0.09081197  0.04594017  0.06054131 -0.01780627
 -0.01780627  0.08190883 -0.19159544 -0.1207265  -0.04309117 -0.12962963
 -0.38390313 -0.19159544 -0.12962963 -0.22008547  0.1039886   0.06552707
 -0.04843305  0.2037037   0.17165242  0.1039886  -0.04843305  0.02920228
  0.17165242  0.2037037   0.02920228  0.42450142  0.0042735   0.00160256
 -0.02759972  0.00356125  0.10327635  0.02759972 -0.00160256 -0.0042735
 -0.04594017  0.03561254  0.09081197  0.01780627 -0.08190883 -0.03561254
  0.03561254  0.01780627  0.01602564 -0.03561254 -0.06089744 -0.06054131] 
[-0.00160256  0.02759972  0.00160256 -0.02759972 -0.0042735   0.10327635
  0.0042735   0.00356125 -0.03561254 -0.03561254  0.03561254  0.03561254
 -0.06089744  0.01602564 -0.04594017  0.09081197 -0.06054131 -0.08190883
  0.01780627  0.01780627 -0.1207265  -0.19159544 -0.12962963 -0.04309117
 -0.19159544 -0.38390313 -0.22008547 -0.12962963  0.1039886   0.2037037
 -0.04843305  0.06552707  0.1039886   0.17165242  0.02920228 -0.04843305
  0.17165242  0.42450142  0.02920228  0.2037037   0.00160256  0.0042735
  0.00356125 -0.02759972  0.02759972  0.10327635 -0.0042735  -0.00160256
 -0.04594017  0.01780627  0.09081197  0.03561254 -0.03561254 -0.08190883
  0.01780627  0.03561254  0.01602564 -0.06054131 -0.06089744 -0.03561254] 
[ 0.02759972 -0.00160256 -0.02759972  0.00160256 -0.00356125 -0.0042735
 -0.10327635  0.0042735  -0.03561254  0.03561254  0.03561254 -0.03561254
 -0.09081197  0.04594017 -0.01602564  0.06089744 -0.01780627  0.08190883
  0.06054131 -0.01780627 -0.04309117 -0.12962963 -0.19159544 -0.1207265
 -0.12962963 -0.22008547 -0.38390313 -0.19159544 -0.04843305  0.2037037
  0.1039886   0.06552707 -0.04843305  0.02920228  0.17165242  0.1039886
  0.02920228  0.42450142  0.17165242  0.2037037   0.02759972 -0.00356125
 -0.0042735  -0.00160256  0.00160256  0.0042735  -0.10327635 -0.02759972
 -0.09081197 -0.01780627  0.04594017 -0.03561254 -0.03561254 -0.01780627
  0.08190883  0.03561254  0.06089744  0.06054131 -0.01602564  0.03561254] 
[ 0.00160256 -0.02759972 -0.00160256  0.02759972  0.0042735   0.00356125
 -0.0042735   0.10327635  0.03561254  0.03561254 -0.03561254 -0.03561254
 -0.04594017  0.09081197 -0.06089744  0.01602564  0.01780627  0.01780627
 -0.06054131 -0.08190883 -0.12962963 -0.04309117 -0.1207265  -0.19159544
 -0.22008547 -0.12962963 -0.19159544 -0.38390313 -0.04843305  0.06552707
  0.1039886   0.2037037   0.02920228 -0.04843305  0.1039886   0.17165242
  0.02920228  0.2037037   0.17165242  0.42450142 -0.00356125  0.02759972
 -0.00160256 -0.0042735   0.0042735   0.00160256 -0.02759972 -0.10327635
 -0.09081197 -0.03561254  0.04594017 -0.01780627 -0.01780627 -0.03561254
  0.03561254  0.08190883  0.06089744  0.03561254 -0.01602564  0.06054131] 
[ 8.19088319e-02 -8.19088319e-02 -1.78062678e-02  1.78062678e-02
  3.56125356e-02 -3.56125356e-02 -3.56125356e-02  3.56125356e-02
 -2.89426766e-16  1.42450142e-01 -7.89272411e-17 -1.42450142e-01
  2.13675214e-02 -2.13675214e-02  1.06837607e-01 -1.06837607e-01
 -1.19715998e-16  7.12250712e-02 -5.01891909e-17 -7.12250712e-02
  1.71652422e-01  1.71652422e-01  2.92022792e-02  2.92022792e-02
  1.03988604e-01  1.03988604e-01 -4.84330484e-02 -4.84330484e-02
 -5.35612536e-01 -4.27350427e-02  9.11680912e-02 -4.27350427e-02
 -1.49572650e-01 -1.49572650e-01  1.49572650e-01  1.49572650e-01
 -1.65242165e-01  4.27350427e-02  9.68660969e-02  4.27350427e-02
 -1.60256410e-02 -1.60256410e-02 -4.59401709e-02 -4.59401709e-02
 -6.08974359e-02 -6.08974359e-02 -9.08119658e-02 -9.08119658e-02
 -1.28205128e-01 -2.13675214e-02 -2.56410256e-02 -2.13675214e-02
  2.13675214e-02  2.13675214e-02  1.06837607e-01  1.06837607e-01
  2.56410256e-02  1.06837607e-01  1.28205128e-01  1.06837607e-01] 
[-1.78062678e-02 -6.05413105e-02  6.05413105e-02  1.78062678e-02
 -3.56125356e-02 -3.56125356e-02  3.56125356e-02  3.56125356e-02
  1.42450142e-01 -1.63304941e-16 -1.42450142e-01  7.49846269e-17
  1.06837607e-01  2.13675214e-02 -2.13675214e-02 -1.06837607e-01
  7.12250712e-02 -2.77555756e-17 -7.12250712e-02  1.22803966e-16
  2.03703704e-01  4.24501425e-01  4.24501425e-01  2.03703704e-01
  6.55270655e-02  2.03703704e-01  2.03703704e-01  6.55270655e-02
 -4.27350427e-02 -9.34472934e-01 -4.27350427e-02 -3.64672365e-01
  4.27350427e-02 -4.27350427e-02 -4.27350427e-02  4.27350427e-02
  4.27350427e-02 -3.64672365e-01  4.27350427e-02 -1.31054131e-01
  3.56125356e-02  8.19088319e-02 -8.19088319e-02 -3.56125356e-02
  3.56125356e-02  1.78062678e-02 -1.78062678e-02 -3.56125356e-02
  2.13675214e-02  6.14863099e-17 -2.13675214e-02 -2.02384406e-18
 -7.12250712e-02 -1.42450142e-01  1.42450142e-01  7.12250712e-02
 -1.06837607e-01 -1.90434088e-16  1.06837607e-01 -1.33959202e-16] 
[-1.78062678e-02  1.78062678e-02  8.19088319e-02 -8.19088319e-02
 -3.56125356e-02  3.56125356e-02  3.56125356e-02 -3.56125356e-02
 -1.00717697e-16 -1.42450142e-01 -2.02391433e-16  1.42450142e-01
  1.06837607e-01 -1.06837607e-01  2.13675214e-02 -2.13675214e-02
 -4.99964439e-17 -7.12250712e-02 -1.11952575e-16  7.12250712e-02
  2.92022792e-02  2.92022792e-02  1.71652422e-01  1.71652422e-01
 -4.84330484e-02 -4.84330484e-02  1.03988604e-01  1.03988604e-01
  9.11680912e-02 -4.27350427e-02 -5.35612536e-01 -4.27350427e-02
  1.49572650e-01  1.49572650e-01 -1.49572650e-01 -1.49572650e-01
  9.68660969e-02  4.27350427e-02 -1.65242165e-01  4.27350427e-02
  4.59401709e-02  4.59401709e-02  1.60256410e-02  1.60256410e-02
  9.08119658e-02  9.08119658e-02  6.08974359e-02  6.08974359e-02
  2.56410256e-02  2.13675214e-02  1.28205128e-01  2.13675214e-02
 -1.06837607e-01 -1.06837607e-01 -2.13675214e-02 -2.13675214e-02
 -1.28205128e-01 -1.06837607e-01 -2.56410256e-02 -1.06837607e-01] 
[ 6.05413105e-02  1.78062678e-02 -1.78062678e-02 -6.05413105e-02
  3.56125356e-02  3.56125356e-02 -3.56125356e-02 -3.56125356e-02
 -1.42450142e-01  9.67831139e-17  1.42450142e-01 -7.27620125e-18
 -2.13675214e-02 -1.06837607e-01  1.06837607e-01  2.13675214e-02
 -7.12250712e-02 -4.66447868e-17  7.12250712e-02 -4.99214867e-17
  4.24501425e-01  2.03703704e-01  2.03703704e-01  4.24501425e-01
  2.03703704e-01  6.55270655e-02  6.55270655e-02  2.03703704e-01
 -4.27350427e-02 -3.64672365e-01 -4.27350427e-02 -9.34472934e-01
 -4.27350427e-02  4.27350427e-02  4.27350427e-02 -4.27350427e-02
  4.27350427e-02 -1.31054131e-01  4.27350427e-02 -3.64672365e-01
  8.19088319e-02  3.56125356e-02 -3.56125356e-02 -8.19088319e-02
  1.78062678e-02  3.56125356e-02 -3.56125356e-02 -1.78062678e-02
  2.13675214e-02 -2.44306890e-17 -2.13675214e-02 -8.37485945e-17
 -1.42450142e-01 -7.12250712e-02  7.12250712e-02  1.42450142e-01
 -1.06837607e-01 -3.23815049e-17  1.06837607e-01 -1.37621396e-16] 
[-1.60256410e-02 -4.59401709e-02 -9.08119658e-02 -6.08974359e-02
 -1.60256410e-02 -4.59401709e-02 -9.08119658e-02 -6.08974359e-02
 -2.13675214e-02  1.06837607e-01  1.06837607e-01  2.13675214e-02
 -1.28205128e-01 -2.56410256e-02  1.28205128e-01  2.56410256e-02
 -2.13675214e-02  1.06837607e-01  1.06837607e-01  2.13675214e-02
  1.71652422e-01  1.03988604e-01 -4.84330484e-02  2.92022792e-02
  1.71652422e-01  1.03988604e-01 -4.84330484e-02  2.92022792e-02
 -1.49572650e-01  4.27350427e-02  1.49572650e-01 -4.27350427e-02
 -5.35612536e-01 -1.65242165e-01  9.68660969e-02  9.11680912e-02
 -1.49572650e-01  4.27350427e-02  1.49572650e-01 -4.27350427e-02
  6.05413105e-02  3.56125356e-02  3.56125356e-02  1.78062678e-02
 -6.05413105e-02 -3.56125356e-02 -3.56125356e-02 -1.78062678e-02
 -2.13675214e-02 -7.12250712e-02 -1.06837607e-01 -1.42450142e-01
  4.16333634e-16  1.66533454e-16  3.38271078e-17  2.65412692e-16
  2.13675214e-02  7.12250712e-02  1.06837607e-01  1.42450142e-01] 
[ 4.59401709e-02  1.60256410e-02  6.08974359e-02  9.08119658e-02
  4.59401709e-02  1.60256410e-02  6.08974359e-02  9.08119658e-02
  2.13675214e-02 -2.13675214e-02 -1.06837607e-01 -1.06837607e-01
  2.56410256e-02  1.28205128e-01 -2.56410256e-02 -1.28205128e-01
  2.13675214e-02 -2.13675214e-02 -1.06837607e-01 -1.06837607e-01
  1.03988604e-01  1.71652422e-01  2.92022792e-02 -4.84330484e-02
  1.03988604e-01  1.71652422e-01  2.92022792e-02 -4.84330484e-02
 -1.49572650e-01 -4.27350427e-02  1.49572650e-01  4.27350427e-02
 -1.65242165e-01 -5.35612536e-01  9.11680912e-02  9.68660969e-02
 -1.49572650e-01 -4.27350427e-02  1.49572650e-01  4.27350427e-02
  3.56125356e-02  6.05413105e-02  1.78062678e-02  3.56125356e-02
 -3.56125356e-02 -6.05413105e-02 -1.78062678e-02 -3.56125356e-02
 -2.13675214e-02 -1.42450142e-01 -1.06837607e-01 -7.12250712e-02
  1.97758476e-16  3.12250226e-16  2.09901541e-16  2.03830008e-16
  2.13675214e-02  1.42450142e-01  1.06837607e-01  7.12250712e-02] 
[-9.08119658e-02 -6.08974359e-02 -1.60256410e-02 -4.59401709e-02
 -9.08119658e-02 -6.08974359e-02 -1.60256410e-02 -4.59401709e-02
  1.06837607e-01  2.13675214e-02 -2.13675214e-02  1.06837607e-01
  1.28205128e-01  2.56410256e-02 -1.28205128e-01 -2.56410256e-02
  1.06837607e-01  2.13675214e-02 -2.13675214e-02  1.06837607e-01
 -4.84330484e-02  2.92022792e-02  1.71652422e-01  1.03988604e-01
 -4.84330484e-02  2.92022792e-02  1.71652422e-01  1.03988604e-01
  1.49572650e-01 -4.27350427e-02 -1.49572650e-01  4.27350427e-02
  9.68660969e-02  9.11680912e-02 -5.35612536e-01 -1.65242165e-01
  1.49572650e-01 -4.27350427e-02 -1.49572650e-01  4.27350427e-02
 -3.56125356e-02 -1.78062678e-02 -6.05413105e-02 -3.56125356e-02
  3.56125356e-02  1.78062678e-02  6.05413105e-02  3.56125356e-02
  1.06837607e-01  1.42450142e-01  2.13675214e-02  7.12250712e-02
  2.68882139e-17  2.27248775e-16  3.81639165e-16  1.38777878e-16
 -1.06837607e-01 -1.42450142e-01 -2.13675214e-02 -7.12250712e-02] 
[ 6.08974359e-02  9.08119658e-02  4.59401709e-02  1.60256410e-02
  6.08974359e-02  9.08119658e-02  4.59401709e-02  1.60256410e-02
 -1.06837607e-01 -1.06837607e-01  2.13675214e-02 -2.13675214e-02
 -2.56410256e-02 -1.28205128e-01  2.56410256e-02  1.28205128e-01
 -1.06837607e-01 -1.06837607e-01  2.13675214e-02 -2.13675214e-02
  2.92022792e-02 -4.84330484e-02  1.03988604e-01  1.71652422e-01
  2.92022792e-02 -4.84330484e-02  1.03988604e-01  1.71652422e-01
  1.49572650e-01  4.27350427e-02 -1.49572650e-01 -4.27350427e-02
  9.11680912e-02  9.68660969e-02 -1.65242165e-01 -5.35612536e-01
  1.49572650e-01  4.27350427e-02 -1.49572650e-01 -4.27350427e-02
 -1.78062678e-02 -3.56125356e-02 -3.56125356e-02 -6.05413105e-02
  1.78062678e-02  3.56125356e-02  3.56125356e-02  6.05413105e-02
  1.06837607e-01  7.12250712e-02  2.13675214e-02  1.42450142e-01
  2.28983499e-16  2.00360561e-16  1.80411242e-16  2.22044605e-16
 -1.06837607e-01 -7.12250712e-02 -2.13675214e-02 -1.42450142e-01] 
[ 3.56125356e-02 -3.56125356e-02 -3.56125356e-02  3.56125356e-02
  8.19088319e-02 -8.19088319e-02 -1.78062678e-02  1.78062678e-02
 -1.15401944e-16  7.12250712e-02 -4.81760551e-17 -7.12250712e-02
  2.13675214e-02 -2.13675214e-02  1.06837607e-01 -1.06837607e-01
 -2.21022477e-16  1.42450142e-01 -1.18147251e-16 -1.42450142e-01
  1.03988604e-01  1.03988604e-01 -4.84330484e-02 -4.84330484e-02
  1.71652422e-01  1.71652422e-01  2.92022792e-02  2.92022792e-02
 -1.65242165e-01  4.27350427e-02  9.68660969e-02  4.27350427e-02
 -1.49572650e-01 -1.49572650e-01  1.49572650e-01  1.49572650e-01
 -5.35612536e-01 -4.27350427e-02  9.11680912e-02 -4.27350427e-02
  6.08974359e-02  6.08974359e-02  9.08119658e-02  9.08119658e-02
  1.60256410e-02  1.60256410e-02  4.59401709e-02  4.59401709e-02
 -2.56410256e-02 -1.06837607e-01 -1.28205128e-01 -1.06837607e-01
 -2.13675214e-02 -2.13675214e-02 -1.06837607e-01 -1.06837607e-01
  1.28205128e-01  2.13675214e-02  2.56410256e-02  2.13675214e-02] 
[-3.56125356e-02 -3.56125356e-02  3.56125356e-02  3.56125356e-02
 -1.78062678e-02 -6.05413105e-02  6.05413105e-02  1.78062678e-02
  7.12250712e-02 -6.03298276e-17 -7.12250712e-02 -4.87168176e-17
  1.06837607e-01  2.13675214e-02 -2.13675214e-02 -1.06837607e-01
  1.42450142e-01  1.07456482e-17 -1.42450142e-01  7.16296235e-17
  6.55270655e-02  2.03703704e-01  2.03703704e-01  6.55270655e-02
  2.03703704e-01  4.24501425e-01  4.24501425e-01  2.03703704e-01
  4.27350427e-02 -3.64672365e-01  4.27350427e-02 -1.31054131e-01
  4.27350427e-02 -4.27350427e-02 -4.27350427e-02  4.27350427e-02
 -4.27350427e-02 -9.34472934e-01 -4.27350427e-02 -3.64672365e-01
 -3.56125356e-02 -1.78062678e-02  1.78062678e-02  3.56125356e-02
 -3.56125356e-02 -8.19088319e-02  8.19088319e-02  3.56125356e-02
  1.06837607e-01 -1.65376971e-16 -1.06837607e-01 -3.35379872e-17
  7.12250712e-02  1.42450142e-01 -1.42450142e-01 -7.12250712e-02
 -2.13675214e-02 -6.01370805e-17  2.13675214e-02 -2.14912964e-17] 
[-3.56125356e-02  3.56125356e-02  3.56125356e-02 -3.56125356e-02
 -1.78062678e-02  1.78062678e-02  8.19088319e-02 -8.19088319e-02
 -5.27323812e-17 -7.12250712e-02 -1.14895983e-16  7.12250712e-02
  1.06837607e-01 -1.06837607e-01  2.13675214e-02 -2.13675214e-02
 -1.18082333e-16 -1.42450142e-01 -2.13338361e-16  1.42450142e-01
 -4.84330484e-02 -4.84330484e-02  1.03988604e-01  1.03988604e-01
  2.92022792e-02  2.92022792e-02  1.71652422e-01  1.71652422e-01
  9.68660969e-02  4.27350427e-02 -1.65242165e-01  4.27350427e-02
  1.49572650e-01  1.49572650e-01 -1.49572650e-01 -1.49572650e-01
  9.11680912e-02 -4.27350427e-02 -5.35612536e-01 -4.27350427e-02
 -9.08119658e-02 -9.08119658e-02 -6.08974359e-02 -6.08974359e-02
 -4.59401709e-02 -4.59401709e-02 -1.60256410e-02 -1.60256410e-02
  1.28205128e-01  1.06837607e-01  2.56410256e-02  1.06837607e-01
  1.06837607e-01  1.06837607e-01  2.13675214e-02  2.13675214e-02
 -2.56410256e-02 -2.13675214e-02 -1.28205128e-01 -2.13675214e-02] 
[ 3.56125356e-02  3.56125356e-02 -3.56125356e-02 -3.56125356e-02
  6.05413105e-02  1.78062678e-02 -1.78062678e-02 -6.05413105e-02
 -7.12250712e-02  1.22563032e-16  7.12250712e-02 -1.83109700e-17
 -2.13675214e-02 -1.06837607e-01  1.06837607e-01  2.13675214e-02
 -1.42450142e-01  4.55455263e-17  1.42450142e-01 -1.31525770e-16
  2.03703704e-01  6.55270655e-02  6.55270655e-02  2.03703704e-01
  4.24501425e-01  2.03703704e-01  2.03703704e-01  4.24501425e-01
  4.27350427e-02 -1.31054131e-01  4.27350427e-02 -3.64672365e-01
 -4.27350427e-02  4.27350427e-02  4.27350427e-02 -4.27350427e-02
 -4.27350427e-02 -3.64672365e-01 -4.27350427e-02 -9.34472934e-01
 -1.78062678e-02 -3.56125356e-02  3.56125356e-02  1.78062678e-02
 -8.19088319e-02 -3.56125356e-02  3.56125356e-02  8.19088319e-02
  1.06837607e-01 -1.31646237e-16 -1.06837607e-01 -1.64991477e-16
  1.42450142e-01  7.12250712e-02 -7.12250712e-02 -1.42450142e-01
 -2.13675214e-02  5.30054395e-19  2.13675214e-02  2.69845874e-17] 
[-0.10327635  0.0042735   0.00160256 -0.02759972 -0.0042735  -0.00356125
  0.02759972 -0.00160256  0.06054131  0.06089744  0.03561254 -0.01602564
  0.08190883 -0.01780627 -0.03561254  0.03561254 -0.01780627 -0.09081197
 -0.03561254  0.04594017 -0.10327635 -0.02759972  0.00160256  0.0042735
 -0.0042735  -0.00160256  0.02759972 -0.00356125 -0.01602564  0.03561254
  0.06089744  0.06054131  0.08190883  0.03561254 -0.03561254 -0.01780627
  0.04594017 -0.03561254 -0.09081197 -0.01780627 -0.38390313 -0.19159544
 -0.1207265  -0.19159544 -0.22008547 -0.12962963 -0.04309117 -0.12962963
  0.17165242  0.1039886   0.1039886   0.17165242  0.42450142  0.2037037
  0.06552707  0.2037037   0.02920228 -0.04843305 -0.04843305  0.02920228] 
[-0.0042735   0.10327635  0.02759972 -0.00160256  0.00356125  0.0042735
  0.00160256 -0.02759972 -0.06054131  0.01602564 -0.03561254 -0.06089744
  0.01780627 -0.08190883 -0.03561254  0.03561254  0.01780627 -0.04594017
  0.03561254  0.09081197 -0.02759972 -0.10327635  0.0042735   0.00160256
 -0.00160256 -0.0042735  -0.00356125  0.02759972 -0.01602564  0.06054131
  0.06089744  0.03561254  0.03561254  0.08190883 -0.01780627 -0.03561254
  0.04594017 -0.01780627 -0.09081197 -0.03561254 -0.19159544 -0.38390313
 -0.19159544 -0.1207265  -0.12962963 -0.22008547 -0.12962963 -0.04309117
  0.17165242  0.17165242  0.1039886   0.1039886   0.2037037   0.42450142
  0.2037037   0.06552707  0.02920228  0.02920228 -0.04843305 -0.04843305] 
[-0.00160256  0.02759972  0.10327635 -0.0042735  -0.02759972  0.00160256
  0.0042735   0.00356125 -0.03561254  0.01602564 -0.06054131 -0.06089744
  0.03561254 -0.03561254 -0.08190883  0.01780627  0.03561254 -0.04594017
  0.01780627  0.09081197 -0.00160256 -0.0042735   0.10327635  0.02759972
 -0.02759972  0.00356125  0.0042735   0.00160256 -0.06089744 -0.06054131
  0.01602564 -0.03561254  0.03561254  0.01780627 -0.08190883 -0.03561254
  0.09081197  0.01780627 -0.04594017  0.03561254 -0.1207265  -0.19159544
 -0.38390313 -0.19159544 -0.04309117 -0.12962963 -0.22008547 -0.12962963
  0.1039886   0.17165242  0.17165242  0.1039886   0.06552707  0.2037037
  0.42450142  0.2037037  -0.04843305  0.02920228  0.02920228 -0.04843305] 
[-0.02759972  0.00160256  0.0042735  -0.10327635 -0.00160256  0.02759972
 -0.00356125 -0.0042735   0.03561254  0.06089744  0.06054131 -0.01602564
  0.03561254 -0.03561254 -0.01780627  0.08190883 -0.03561254 -0.09081197
 -0.01780627  0.04594017 -0.0042735  -0.00160256  0.02759972  0.10327635
  0.00356125 -0.02759972  0.00160256  0.0042735  -0.06089744 -0.03561254
  0.01602564 -0.06054131  0.01780627  0.03561254 -0.03561254 -0.08190883
  0.09081197  0.03561254 -0.04594017  0.01780627 -0.19159544 -0.1207265
 -0.19159544 -0.38390313 -0.12962963 -0.04309117 -0.12962963 -0.22008547
  0.1039886   0.1039886   0.17165242  0.17165242  0.2037037   0.06552707
  0.2037037   0.42450142 -0.04843305 -0.04843305  0.02920228  0.02920228] 
[ 0.0042735   0.00356125 -0.02759972  0.00160256  0.10327635 -0.0042735
 -0.00160256  0.02759972  0.01780627  0.09081197  0.03561254 -0.04594017
 -0.08190883  0.01780627  0.03561254 -0.03561254 -0.06054131 -0.06089744
 -0.03561254  0.01602564  0.0042735   0.00160256 -0.02759972  0.00356125
  0.10327635  0.02759972 -0.00160256 -0.0042735  -0.04594017  0.03561254
  0.09081197  0.01780627 -0.08190883 -0.03561254  0.03561254  0.01780627
  0.01602564 -0.03561254 -0.06089744 -0.06054131 -0.22008547 -0.12962963
 -0.04309117 -0.12962963 -0.38390313 -0.19159544 -0.1207265  -0.19159544
  0.02920228 -0.04843305 -0.04843305  0.02920228  0.42450142  0.2037037
  0.06552707  0.2037037   0.17165242  0.1039886   0.1039886   0.17165242] 
[-0.00356125 -0.0042735  -0.00160256  0.02759972  0.0042735  -0.10327635
 -0.02759972  0.00160256 -0.01780627  0.04594017 -0.03561254 -0.09081197
 -0.01780627  0.08190883  0.03561254 -0.03561254  0.06054131 -0.01602564
  0.03561254  0.06089744  0.00160256  0.0042735   0.00356125 -0.02759972
  0.02759972  0.10327635 -0.0042735  -0.00160256 -0.04594017  0.01780627
  0.09081197  0.03561254 -0.03561254 -0.08190883  0.01780627  0.03561254
  0.01602564 -0.06054131 -0.06089744 -0.03561254 -0.12962963 -0.22008547
 -0.12962963 -0.04309117 -0.19159544 -0.38390313 -0.19159544 -0.1207265
  0.02920228  0.02920228 -0.04843305 -0.04843305  0.2037037   0.42450142
  0.2037037   0.06552707  0.17165242  0.17165242  0.1039886   0.1039886 ] 
[ 0.02759972 -0.00160256 -0.0042735  -0.00356125  0.00160256 -0.02759972
 -0.10327635  0.0042735  -0.03561254  0.04594017 -0.01780627 -0.09081197
 -0.03561254  0.03561254  0.08190883 -0.01780627  0.03561254 -0.01602564
  0.06054131  0.06089744  0.02759972 -0.00356125 -0.0042735  -0.00160256
  0.00160256  0.0042735  -0.10327635 -0.02759972 -0.09081197 -0.01780627
  0.04594017 -0.03561254 -0.03561254 -0.01780627  0.08190883  0.03561254
  0.06089744  0.06054131 -0.01602564  0.03561254 -0.04309117 -0.12962963
 -0.22008547 -0.12962963 -0.1207265  -0.19159544 -0.38390313 -0.19159544
 -0.04843305  0.02920228  0.02920228 -0.04843305  0.06552707  0.2037037
  0.42450142  0.2037037   0.1039886   0.17165242  0.17165242  0.1039886 ] 
[ 0.00160256 -0.02759972  0.00356125  0.0042735   0.02759972 -0.00160256
 -0.0042735   0.10327635  0.03561254  0.09081197  0.01780627 -0.04594017
 -0.03561254  0.03561254  0.01780627 -0.08190883 -0.03561254 -0.06089744
 -0.06054131  0.01602564 -0.00356125  0.02759972 -0.00160256 -0.0042735
  0.0042735   0.00160256 -0.02759972 -0.10327635 -0.09081197 -0.03561254
  0.04594017 -0.01780627 -0.01780627 -0.03561254  0.03561254  0.08190883
  0.06089744  0.03561254 -0.01602564  0.06054131 -0.12962963 -0.04309117
 -0.12962963 -0.22008547 -0.19159544 -0.1207265  -0.19159544 -0.38390313
 -0.04843305 -0.04843305  0.02920228  0.02920228  0.2037037   0.06552707
  0.2037037   0.42450142  0.1039886   0.1039886   0.17165242  0.17165242] 
[ 8.19088319e-02 -8.19088319e-02 -3.56125356e-02  3.56125356e-02
  1.78062678e-02 -1.78062678e-02 -3.56125356e-02  3.56125356e-02
  3.32147678e-16 -2.13675214e-02  1.64852271e-16  2.13675214e-02
 -1.42450142e-01  1.42450142e-01  7.12250712e-02 -7.12250712e-02
  2.14988590e-16  1.06837607e-01  1.05545074e-16 -1.06837607e-01
 -1.60256410e-02 -1.60256410e-02 -4.59401709e-02 -4.59401709e-02
 -6.08974359e-02 -6.08974359e-02 -9.08119658e-02 -9.08119658e-02
 -1.28205128e-01 -2.13675214e-02 -2.56410256e-02 -2.13675214e-02
  2.13675214e-02  2.13675214e-02  1.06837607e-01  1.06837607e-01
  2.56410256e-02  1.06837607e-01  1.28205128e-01  1.06837607e-01
  1.71652422e-01  1.71652422e-01  1.03988604e-01  1.03988604e-01
  2.92022792e-02  2.92022792e-02 -4.84330484e-02 -4.84330484e-02
 -5.35612536e-01 -1.49572650e-01 -1.65242165e-01 -1.49572650e-01
 -4.27350427e-02 -4.27350427e-02  4.27350427e-02  4.27350427e-02
  9.11680912e-02  1.49572650e-01  9.68660969e-02  1.49572650e-01] 
[ 4.59401709e-02  1.60256410e-02  1.60256410e-02  4.59401709e-02
  9.08119658e-02  6.08974359e-02  6.08974359e-02  9.08119658e-02
  2.13675214e-02  1.28205128e-01  2.13675214e-02  2.56410256e-02
 -1.06837607e-01 -2.13675214e-02 -2.13675214e-02 -1.06837607e-01
 -1.06837607e-01 -2.56410256e-02 -1.06837607e-01 -1.28205128e-01
  3.56125356e-02  8.19088319e-02 -8.19088319e-02 -3.56125356e-02
  3.56125356e-02  1.78062678e-02 -1.78062678e-02 -3.56125356e-02
  2.13675214e-02  6.14863099e-17 -2.13675214e-02 -2.02384406e-18
 -7.12250712e-02 -1.42450142e-01  1.42450142e-01  7.12250712e-02
 -1.06837607e-01 -1.90434088e-16  1.06837607e-01 -1.33959202e-16
  1.03988604e-01  1.71652422e-01  1.71652422e-01  1.03988604e-01
 -4.84330484e-02  2.92022792e-02  2.92022792e-02 -4.84330484e-02
 -1.49572650e-01 -5.35612536e-01 -1.49572650e-01 -1.65242165e-01
  4.27350427e-02 -4.27350427e-02 -4.27350427e-02  4.27350427e-02
  1.49572650e-01  9.11680912e-02  1.49572650e-01  9.68660969e-02] 
[ 3.56125356e-02 -3.56125356e-02 -8.19088319e-02  8.19088319e-02
  3.56125356e-02 -3.56125356e-02 -1.78062678e-02  1.78062678e-02
  1.66611088e-16 -2.13675214e-02  3.78527103e-16  2.13675214e-02
 -7.12250712e-02  7.12250712e-02  1.42450142e-01 -1.42450142e-01
  1.05903797e-16  1.06837607e-01  1.84859147e-16 -1.06837607e-01
  4.59401709e-02  4.59401709e-02  1.60256410e-02  1.60256410e-02
  9.08119658e-02  9.08119658e-02  6.08974359e-02  6.08974359e-02
  2.56410256e-02  2.13675214e-02  1.28205128e-01  2.13675214e-02
 -1.06837607e-01 -1.06837607e-01 -2.13675214e-02 -2.13675214e-02
 -1.28205128e-01 -1.06837607e-01 -2.56410256e-02 -1.06837607e-01
  1.03988604e-01  1.03988604e-01  1.71652422e-01  1.71652422e-01
 -4.84330484e-02 -4.84330484e-02  2.92022792e-02  2.92022792e-02
 -1.65242165e-01 -1.49572650e-01 -5.35612536e-01 -1.49572650e-01
  4.27350427e-02  4.27350427e-02 -4.27350427e-02 -4.27350427e-02
  9.68660969e-02  1.49572650e-01  9.11680912e-02  1.49572650e-01] 
[-1.60256410e-02 -4.59401709e-02 -4.59401709e-02 -1.60256410e-02
 -6.08974359e-02 -9.08119658e-02 -9.08119658e-02 -6.08974359e-02
 -2.13675214e-02 -2.56410256e-02 -2.13675214e-02 -1.28205128e-01
  2.13675214e-02  1.06837607e-01  1.06837607e-01  2.13675214e-02
  1.06837607e-01  1.28205128e-01  1.06837607e-01  2.56410256e-02
  8.19088319e-02  3.56125356e-02 -3.56125356e-02 -8.19088319e-02
  1.78062678e-02  3.56125356e-02 -3.56125356e-02 -1.78062678e-02
  2.13675214e-02 -2.44306890e-17 -2.13675214e-02 -8.37485945e-17
 -1.42450142e-01 -7.12250712e-02  7.12250712e-02  1.42450142e-01
 -1.06837607e-01 -3.23815049e-17  1.06837607e-01 -1.37621396e-16
  1.71652422e-01  1.03988604e-01  1.03988604e-01  1.71652422e-01
  2.92022792e-02 -4.84330484e-02 -4.84330484e-02  2.92022792e-02
 -1.49572650e-01 -1.65242165e-01 -1.49572650e-01 -5.35612536e-01
 -4.27350427e-02  4.27350427e-02  4.27350427e-02 -4.27350427e-02
  1.49572650e-01  9.68660969e-02  1.49572650e-01  9.11680912e-02] 
[ 6.05413105e-02  1.78062678e-02  3.56125356e-02  3.56125356e-02
 -6.05413105e-02 -1.78062678e-02 -3.56125356e-02 -3.56125356e-02
 -1.42450142e-01 -1.06837607e-01 -7.12250712e-02 -2.13675214e-02
  8.32667268e-17 -9.19403442e-17 -2.16840434e-17  7.63278329e-17
  1.42450142e-01  1.06837607e-01  7.12250712e-02  2.13675214e-02
  6.05413105e-02  3.56125356e-02  3.56125356e-02  1.78062678e-02
 -6.05413105e-02 -3.56125356e-02 -3.56125356e-02 -1.78062678e-02
 -2.13675214e-02 -7.12250712e-02 -1.06837607e-01 -1.42450142e-01
  4.16333634e-16  1.66533454e-16  3.38271078e-17  2.65412692e-16
  2.13675214e-02  7.12250712e-02  1.06837607e-01  1.42450142e-01
  4.24501425e-01  2.03703704e-01  6.55270655e-02  2.03703704e-01
  4.24501425e-01  2.03703704e-01  6.55270655e-02  2.03703704e-01
 -4.27350427e-02  4.27350427e-02  4.27350427e-02 -4.27350427e-02
 -9.34472934e-01 -3.64672365e-01 -1.31054131e-01 -3.64672365e-01
 -4.27350427e-02  4.27350427e-02  4.27350427e-02 -4.27350427e-02] 
[-1.78062678e-02 -6.05413105e-02 -3.56125356e-02 -3.56125356e-02
  1.78062678e-02  6.05413105e-02  3.56125356e-02  3.56125356e-02
  1.42450142e-01  2.13675214e-02  7.12250712e-02  1.06837607e-01
 -8.50014503e-17  1.04083409e-16  2.08166817e-17 -7.97972799e-17
 -1.42450142e-01 -2.13675214e-02 -7.12250712e-02 -1.06837607e-01
  3.56125356e-02  6.05413105e-02  1.78062678e-02  3.56125356e-02
 -3.56125356e-02 -6.05413105e-02 -1.78062678e-02 -3.56125356e-02
 -2.13675214e-02 -1.42450142e-01 -1.06837607e-01 -7.12250712e-02
  1.97758476e-16  3.12250226e-16  2.09901541e-16  2.03830008e-16
  2.13675214e-02  1.42450142e-01  1.06837607e-01  7.12250712e-02
  2.03703704e-01  4.24501425e-01  2.03703704e-01  6.55270655e-02
  2.03703704e-01  4.24501425e-01  2.03703704e-01  6.55270655e-02
 -4.27350427e-02 -4.27350427e-02  4.27350427e-02  4.27350427e-02
 -3.64672365e-01 -9.34472934e-01 -3.64672365e-01 -1.31054131e-01
 -4.27350427e-02 -4.27350427e-02  4.27350427e-02  4.27350427e-02] 
[-3.56125356e-02 -3.56125356e-02 -6.05413105e-02 -1.78062678e-02
  3.56125356e-02  3.56125356e-02  6.05413105e-02  1.78062678e-02
  7.12250712e-02  2.13675214e-02  1.42450142e-01  1.06837607e-01
 -2.77555756e-17  3.81639165e-17  5.55111512e-17 -1.30104261e-16
 -7.12250712e-02 -2.13675214e-02 -1.42450142e-01 -1.06837607e-01
 -3.56125356e-02 -1.78062678e-02 -6.05413105e-02 -3.56125356e-02
  3.56125356e-02  1.78062678e-02  6.05413105e-02  3.56125356e-02
  1.06837607e-01  1.42450142e-01  2.13675214e-02  7.12250712e-02
  2.68882139e-17  2.27248775e-16  3.81639165e-16  1.38777878e-16
 -1.06837607e-01 -1.42450142e-01 -2.13675214e-02 -7.12250712e-02
  6.55270655e-02  2.03703704e-01  4.24501425e-01  2.03703704e-01
  6.55270655e-02  2.03703704e-01  4.24501425e-01  2.03703704e-01
  4.27350427e-02 -4.27350427e-02 -4.27350427e-02  4.27350427e-02
 -1.31054131e-01 -3.64672365e-01 -9.34472934e-01 -3.64672365e-01
  4.27350427e-02 -4.27350427e-02 -4.27350427e-02  4.27350427e-02] 
[ 3.56125356e-02  3.56125356e-02  1.78062678e-02  6.05413105e-02
 -3.56125356e-02 -3.56125356e-02 -1.78062678e-02 -6.05413105e-02
 -7.12250712e-02 -1.06837607e-01 -1.42450142e-01 -2.13675214e-02
  6.59194921e-17 -7.28583860e-17 -1.04083409e-16  1.94289029e-16
  7.12250712e-02  1.06837607e-01  1.42450142e-01  2.13675214e-02
 -1.78062678e-02 -3.56125356e-02 -3.56125356e-02 -6.05413105e-02
  1.78062678e-02  3.56125356e-02  3.56125356e-02  6.05413105e-02
  1.06837607e-01  7.12250712e-02  2.13675214e-02  1.42450142e-01
  2.28983499e-16  2.00360561e-16  1.80411242e-16  2.22044605e-16
 -1.06837607e-01 -7.12250712e-02 -2.13675214e-02 -1.42450142e-01
  2.03703704e-01  6.55270655e-02  2.03703704e-01  4.24501425e-01
  2.03703704e-01  6.55270655e-02  2.03703704e-01  4.24501425e-01
  4.27350427e-02  4.27350427e-02 -4.27350427e-02 -4.27350427e-02
 -3.64672365e-01 -1.31054131e-01 -3.64672365e-01 -9.34472934e-01
  4.27350427e-02  4.27350427e-02 -4.27350427e-02 -4.27350427e-02] 
[-1.78062678e-02  1.78062678e-02  3.56125356e-02 -3.56125356e-02
 -8.19088319e-02  8.19088319e-02  3.56125356e-02 -3.56125356e-02
  2.08777183e-16 -1.06837607e-01  1.00447985e-16  1.06837607e-01
  1.42450142e-01 -1.42450142e-01 -7.12250712e-02  7.12250712e-02
  3.72183851e-16  2.13675214e-02  1.98691426e-16 -2.13675214e-02
  6.08974359e-02  6.08974359e-02  9.08119658e-02  9.08119658e-02
  1.60256410e-02  1.60256410e-02  4.59401709e-02  4.59401709e-02
 -2.56410256e-02 -1.06837607e-01 -1.28205128e-01 -1.06837607e-01
 -2.13675214e-02 -2.13675214e-02 -1.06837607e-01 -1.06837607e-01
  1.28205128e-01  2.13675214e-02  2.56410256e-02  2.13675214e-02
  2.92022792e-02  2.92022792e-02 -4.84330484e-02 -4.84330484e-02
  1.71652422e-01  1.71652422e-01  1.03988604e-01  1.03988604e-01
  9.11680912e-02  1.49572650e-01  9.68660969e-02  1.49572650e-01
 -4.27350427e-02 -4.27350427e-02  4.27350427e-02  4.27350427e-02
 -5.35612536e-01 -1.49572650e-01 -1.65242165e-01 -1.49572650e-01] 
[-9.08119658e-02 -6.08974359e-02 -6.08974359e-02 -9.08119658e-02
 -4.59401709e-02 -1.60256410e-02 -1.60256410e-02 -4.59401709e-02
  1.06837607e-01  2.56410256e-02  1.06837607e-01  1.28205128e-01
  1.06837607e-01  2.13675214e-02  2.13675214e-02  1.06837607e-01
 -2.13675214e-02 -1.28205128e-01 -2.13675214e-02 -2.56410256e-02
 -3.56125356e-02 -1.78062678e-02  1.78062678e-02  3.56125356e-02
 -3.56125356e-02 -8.19088319e-02  8.19088319e-02  3.56125356e-02
  1.06837607e-01 -1.65376971e-16 -1.06837607e-01 -3.35379872e-17
  7.12250712e-02  1.42450142e-01 -1.42450142e-01 -7.12250712e-02
 -2.13675214e-02 -6.01370805e-17  2.13675214e-02 -2.14912964e-17
 -4.84330484e-02  2.92022792e-02  2.92022792e-02 -4.84330484e-02
  1.03988604e-01  1.71652422e-01  1.71652422e-01  1.03988604e-01
  1.49572650e-01  9.11680912e-02  1.49572650e-01  9.68660969e-02
  4.27350427e-02 -4.27350427e-02 -4.27350427e-02  4.27350427e-02
 -1.49572650e-01 -5.35612536e-01 -1.49572650e-01 -1.65242165e-01] 
[-3.56125356e-02  3.56125356e-02  1.78062678e-02 -1.78062678e-02
 -3.56125356e-02  3.56125356e-02  8.19088319e-02 -8.19088319e-02
  1.00356966e-16 -1.06837607e-01  1.84446883e-16  1.06837607e-01
  7.12250712e-02 -7.12250712e-02 -1.42450142e-01  1.42450142e-01
  1.97555021e-16  2.13675214e-02  3.79789663e-16 -2.13675214e-02
 -9.08119658e-02 -9.08119658e-02 -6.08974359e-02 -6.08974359e-02
 -4.59401709e-02 -4.59401709e-02 -1.60256410e-02 -1.60256410e-02
  1.28205128e-01  1.06837607e-01  2.56410256e-02  1.06837607e-01
  1.06837607e-01  1.06837607e-01  2.13675214e-02  2.13675214e-02
 -2.56410256e-02 -2.13675214e-02 -1.28205128e-01 -2.13675214e-02
 -4.84330484e-02 -4.84330484e-02  2.92022792e-02  2.92022792e-02
  1.03988604e-01  1.03988604e-01  1.71652422e-01  1.71652422e-01
  9.68660969e-02  1.49572650e-01  9.11680912e-02  1.49572650e-01
  4.27350427e-02  4.27350427e-02 -4.27350427e-02 -4.27350427e-02
 -1.65242165e-01 -1.49572650e-01 -5.35612536e-01 -1.49572650e-01] 
[ 6.08974359e-02  9.08119658e-02  9.08119658e-02  6.08974359e-02
  1.60256410e-02  4.59401709e-02  4.59401709e-02  1.60256410e-02
 -1.06837607e-01 -1.28205128e-01 -1.06837607e-01 -2.56410256e-02
 -2.13675214e-02 -1.06837607e-01 -1.06837607e-01 -2.13675214e-02
  2.13675214e-02  2.56410256e-02  2.13675214e-02  1.28205128e-01
 -1.78062678e-02 -3.56125356e-02  3.56125356e-02  1.78062678e-02
 -8.19088319e-02 -3.56125356e-02  3.56125356e-02  8.19088319e-02
  1.06837607e-01 -1.31646237e-16 -1.06837607e-01 -1.64991477e-16
  1.42450142e-01  7.12250712e-02 -7.12250712e-02 -1.42450142e-01
 -2.13675214e-02  5.30054395e-19  2.13675214e-02  2.69845874e-17
  2.92022792e-02 -4.84330484e-02 -4.84330484e-02  2.92022792e-02
  1.71652422e-01  1.03988604e-01  1.03988604e-01  1.71652422e-01
  1.49572650e-01  9.68660969e-02  1.49572650e-01  9.11680912e-02
 -4.27350427e-02  4.27350427e-02  4.27350427e-02 -4.27350427e-02
 -1.49572650e-01 -1.65242165e-01 -1.49572650e-01 -5.35612536e-01] 

--------------------------------------------------------------------------------------------------

DFITE 
Gauss Point #0	( -0.7746;  -0.7746;)
[[0.5000000000000001, 0.0], [0.0, 0.5], [-3.3306690738754696e-16, 0.0]] 
Gauss Point #1	(  0.0000;  -0.7746;)
[[0.5, 0.0], [0.0, 0.5], [0.0, 0.0]] 
Gauss Point #2	(  0.7746;  -0.7746;)
[[0.5000000000000003, 6.106226635438361e-16], [0.0, 0.5], [3.3306690738754696e-16, 1.1102230246251565e-16]] 
Gauss Point #3	( -0.7746;   0.0000;)
[[0.5, 0.0], [0.0, 0.5], [0.0, 0.0]] 
Gauss Point #4	(  0.0000;   0.0000;)
[[0.5, 0.0], [0.0, 0.5], [0.0, 0.0]] 
Gauss Point #5	(  0.7746;   0.0000;)
[[0.5, 0.0], [0.0, 0.5], [0.0, 0.0]] 
Gauss Point #6	( -0.7746;   0.7746;)
[[0.4999999999999998, 0.0], [1.1102230246251565e-16, 0.5], [0.0, 0.0]] 
Gauss Point #7	(  0.0000;   0.7746;)
[[0.5, 0.0], [0.0, 0.5], [0.0, 0.0]] 
Gauss Point #8	(  0.7746;   0.7746;)
[[0.4999999999999998, -3.885780586188048e-16], [1.1102230246251565e-16, 0.5], [0.0, -1.1102230246251565e-16]] 

FE 
[-5.55111512312578e-17, 0.0, 5.55111512312578e-17, 0.0, 0.0, 0.0, 0.0, 0.0] 
[[0.00000000e+00]
 [0.00000000e+00]
 [1.85037171e-17]
 [0.00000000e+00]
 [0.00000000e+00]
 [0.00000000e+00]
 [0.00000000e+00]
 [0.00000000e+00]] 
[[-0.08333333]
 [-0.08333333]
 [-0.08333333]
 [-0.08333333]
 [ 0.33333333]
 [ 0.33333333]
 [ 0.33333333]
 [ 0.33333333]] 
--------------------------------------------------------------------------------------------------
