ax = 2 
ay = 1 
az = 2 
nx = 2 
ny = 1 
nz = 2 
nu = 0.3 
E = 1.0 
p = 1 
L = 1.923076923076923 
mu = 0.3846153846153846 
c = [0.5555555555555556, 0.8888888888888888, 0.5555555555555556] 
--------------------------------------------------------------------------------------------------
AKT 51
(1, [0.0, 0.0, 0.0])
(2, [0.5, 0.0, 0.0])
(3, [1.0, 0.0, 0.0])
(4, [1.5, 0.0, 0.0])
(5, [2.0, 0.0, 0.0])
(6, [0.0, 0.5, 0.0])
(7, [1.0, 0.5, 0.0])
(8, [2.0, 0.5, 0.0])
(9, [0.0, 1.0, 0.0])
(10, [0.5, 1.0, 0.0])
(11, [1.0, 1.0, 0.0])
(12, [1.5, 1.0, 0.0])
(13, [2.0, 1.0, 0.0])
(14, [0.0, 0.0, 0.5])
(15, [1.0, 0.0, 0.5])
(16, [2.0, 0.0, 0.5])
(17, [0.0, 1.0, 0.5])
(18, [1.0, 1.0, 0.5])
(19, [2.0, 1.0, 0.5])
(20, [0.0, 0.0, 1.0])
(21, [0.5, 0.0, 1.0])
(22, [1.0, 0.0, 1.0])
(23, [1.5, 0.0, 1.0])
(24, [2.0, 0.0, 1.0])
(25, [0.0, 0.5, 1.0])
(26, [1.0, 0.5, 1.0])
(27, [2.0, 0.5, 1.0])
(28, [0.0, 1.0, 1.0])
(29, [0.5, 1.0, 1.0])
(30, [1.0, 1.0, 1.0])
(31, [1.5, 1.0, 1.0])
(32, [2.0, 1.0, 1.0])
(33, [0.0, 0.0, 1.5])
(34, [1.0, 0.0, 1.5])
(35, [2.0, 0.0, 1.5])
(36, [0.0, 1.0, 1.5])
(37, [1.0, 1.0, 1.5])
(38, [2.0, 1.0, 1.5])
(39, [0.0, 0.0, 2.0])
(40, [0.5, 0.0, 2.0])
(41, [1.0, 0.0, 2.0])
(42, [1.5, 0.0, 2.0])
(43, [2.0, 0.0, 2.0])
(44, [0.0, 0.5, 2.0])
(45, [1.0, 0.5, 2.0])
(46, [2.0, 0.5, 2.0])
(47, [0.0, 1.0, 2.0])
(48, [0.5, 1.0, 2.0])
(49, [1.0, 1.0, 2.0])
(50, [1.5, 1.0, 2.0])
(51, [2.0, 1.0, 2.0])
--------------------------------------------------------------------------------------------------
NT 4 
(1, [1, 3, 11, 9, 20, 22, 30, 28, 2, 7, 10, 6, 14, 15, 18, 17, 21, 26, 29, 25]) 
--------------------------------------------------------------------------------------------------
(2, [3, 5, 13, 11, 22, 24, 32, 30, 4, 8, 12, 7, 15, 16, 19, 18, 23, 27, 31, 26]) 
--------------------------------------------------------------------------------------------------
(3, [20, 22, 30, 28, 39, 41, 49, 47, 21, 26, 29, 25, 33, 34, 37, 36, 40, 45, 48, 44]) 
--------------------------------------------------------------------------------------------------
(4, [22, 24, 32, 30, 41, 43, 51, 49, 23, 27, 31, 26, 34, 35, 38, 37, 42, 46, 50, 45]) 
--------------------------------------------------------------------------------------------------
NG 90 
--------------------------------------------------------------------------------------------------
ZP 2 
[3, 6] 
[4, 6] 
--------------------------------------------------------------------------------------------------
ZU 2 
[1, 5] 
[2, 5] 
--------------------------------------------------------------------------------------------------
DFIABG 27 
[[-0.02745967 -0.12745967 -0.39364917 -0.82602817  0.00635083 -0.02602817
  -0.12745967 -0.02745967  0.15491933  0.17745967  1.21967734 -0.17745967
  -0.02254033  0.02254033  0.17745967 -0.17745967  0.01967734  0.02254033
   0.15491933 -0.02254033]
 [-0.39364917 -0.12745967 -0.02745967 -0.82602817 -0.12745967 -0.02602817
   0.00635083 -0.02745967  0.17745967  0.15491933 -0.17745967  1.21967734
   0.17745967  0.02254033 -0.02254033 -0.17745967  0.02254033  0.01967734
  -0.02254033  0.15491933]
 [-0.02745967  0.00635083 -0.02745967 -0.82602817 -0.12745967 -0.02602817
  -0.12745967 -0.39364917 -0.02254033 -0.02254033 -0.17745967 -0.17745967
   0.15491933  0.01967734  0.15491933  1.21967734  0.02254033  0.02254033
   0.17745967  0.17745967]] 
[[ 0.05       -0.05        0.2161895  -0.2161895   0.0161895  -0.0161895
  -0.05        0.05        0.          0.17745967  0.         -0.17745967
  -0.02254033  0.02254033  0.17745967 -0.17745967  0.          0.02254033
   0.         -0.02254033]
 [-0.39364917 -0.39364917 -0.29364917 -0.29364917 -0.09364917 -0.09364917
   0.00635083  0.00635083  0.44364917  0.68729833 -0.44364917  0.68729833
   0.1         0.1        -0.1        -0.1         0.05635083  0.08729833
  -0.05635083  0.08729833]
 [ 0.00635083  0.00635083 -0.29364917 -0.29364917 -0.09364917 -0.09364917
  -0.39364917 -0.39364917 -0.05635083 -0.1        -0.44364917 -0.1
   0.08729833  0.08729833  0.68729833  0.68729833  0.05635083  0.1
   0.44364917  0.1       ]] 
[[ 0.12745967  0.02745967  0.82602817  0.39364917  0.02602817 -0.00635083
   0.02745967  0.12745967 -0.15491933  0.17745967 -1.21967734 -0.17745967
  -0.02254033  0.02254033  0.17745967 -0.17745967 -0.01967734  0.02254033
  -0.15491933 -0.02254033]
 [-0.12745967 -0.39364917 -0.82602817 -0.02745967 -0.02602817 -0.12745967
  -0.02745967  0.00635083  0.17745967  1.21967734 -0.17745967  0.15491933
   0.02254033  0.17745967 -0.17745967 -0.02254033  0.02254033  0.15491933
  -0.02254033  0.01967734]
 [ 0.00635083 -0.02745967 -0.82602817 -0.02745967 -0.02602817 -0.12745967
  -0.39364917 -0.12745967 -0.02254033 -0.17745967 -0.17745967 -0.02254033
   0.01967734  0.15491933  1.21967734  0.15491933  0.02254033  0.17745967
   0.17745967  0.02254033]] 
[[-0.29364917 -0.39364917 -0.39364917 -0.29364917  0.00635083 -0.09364917
  -0.09364917  0.00635083  0.68729833  0.44364917  0.68729833 -0.44364917
  -0.1         0.1         0.1        -0.1         0.08729833  0.05635083
   0.08729833 -0.05635083]
 [ 0.2161895  -0.05        0.05       -0.2161895  -0.05       -0.0161895
   0.0161895   0.05        0.17745967  0.         -0.17745967  0.
   0.17745967  0.02254033 -0.02254033 -0.17745967  0.02254033  0.
  -0.02254033  0.        ]
 [-0.29364917  0.00635083  0.00635083 -0.29364917 -0.39364917 -0.09364917
  -0.09364917 -0.39364917 -0.1        -0.05635083 -0.1        -0.44364917
   0.68729833  0.08729833  0.08729833  0.68729833  0.1         0.05635083
   0.1         0.44364917]] 
[[ 0.05       -0.05       -0.05        0.05        0.05       -0.05
  -0.05        0.05        0.          0.44364917  0.         -0.44364917
  -0.1         0.1         0.1        -0.1         0.          0.05635083
   0.         -0.05635083]
 [-0.05       -0.05        0.05        0.05       -0.05       -0.05
   0.05        0.05        0.44364917  0.         -0.44364917  0.
   0.1         0.1        -0.1        -0.1         0.05635083  0.
  -0.05635083  0.        ]
 [-0.06864917 -0.06864917 -0.06864917 -0.06864917 -0.31864917 -0.31864917
  -0.31864917 -0.31864917 -0.25       -0.25       -0.25       -0.25
   0.38729833  0.38729833  0.38729833  0.38729833  0.25        0.25
   0.25        0.25      ]] 
[[ 0.39364917  0.29364917  0.29364917  0.39364917  0.09364917 -0.00635083
  -0.00635083  0.09364917 -0.68729833  0.44364917 -0.68729833 -0.44364917
  -0.1         0.1         0.1        -0.1        -0.08729833  0.05635083
  -0.08729833 -0.05635083]
 [-0.05        0.2161895  -0.2161895   0.05       -0.0161895  -0.05
   0.05        0.0161895   0.17745967  0.         -0.17745967  0.
   0.02254033  0.17745967 -0.17745967 -0.02254033  0.02254033  0.
  -0.02254033  0.        ]
 [ 0.00635083 -0.29364917 -0.29364917  0.00635083 -0.09364917 -0.39364917
  -0.39364917 -0.09364917 -0.1        -0.44364917 -0.1        -0.05635083
   0.08729833  0.68729833  0.68729833  0.08729833  0.1         0.44364917
   0.1         0.05635083]] 
[[-0.82602817 -0.39364917 -0.12745967 -0.02745967 -0.02745967 -0.12745967
  -0.02602817  0.00635083  1.21967734  0.17745967  0.15491933 -0.17745967
  -0.17745967  0.17745967  0.02254033 -0.02254033  0.15491933  0.02254033
   0.01967734 -0.02254033]
 [ 0.82602817  0.02745967  0.12745967  0.39364917  0.02745967 -0.00635083
   0.02602817  0.12745967  0.17745967 -0.15491933 -0.17745967 -1.21967734
   0.17745967  0.02254033 -0.02254033 -0.17745967  0.02254033 -0.01967734
  -0.02254033 -0.15491933]
 [-0.82602817 -0.02745967  0.00635083 -0.02745967 -0.39364917 -0.12745967
  -0.02602817 -0.12745967 -0.17745967 -0.02254033 -0.02254033 -0.17745967
   1.21967734  0.15491933  0.01967734  0.15491933  0.17745967  0.02254033
   0.02254033  0.17745967]] 
[[-0.2161895   0.2161895  -0.05        0.05        0.05       -0.05
  -0.0161895   0.0161895   0.          0.17745967  0.         -0.17745967
  -0.17745967  0.17745967  0.02254033 -0.02254033  0.          0.02254033
   0.         -0.02254033]
 [ 0.29364917  0.29364917  0.39364917  0.39364917 -0.00635083 -0.00635083
   0.09364917  0.09364917  0.44364917 -0.68729833 -0.44364917 -0.68729833
   0.1         0.1        -0.1        -0.1         0.05635083 -0.08729833
  -0.05635083 -0.08729833]
 [-0.29364917 -0.29364917  0.00635083  0.00635083 -0.39364917 -0.39364917
  -0.09364917 -0.09364917 -0.44364917 -0.1        -0.05635083 -0.1
   0.68729833  0.68729833  0.08729833  0.08729833  0.44364917  0.1
   0.05635083  0.1       ]] 
[[ 0.39364917  0.82602817  0.02745967  0.12745967  0.12745967  0.02745967
  -0.00635083  0.02602817 -1.21967734  0.17745967 -0.15491933 -0.17745967
  -0.17745967  0.17745967  0.02254033 -0.02254033 -0.15491933  0.02254033
  -0.01967734 -0.02254033]
 [ 0.02745967  0.82602817  0.39364917  0.12745967 -0.00635083  0.02745967
   0.12745967  0.02602817  0.17745967 -1.21967734 -0.17745967 -0.15491933
   0.02254033  0.17745967 -0.17745967 -0.02254033  0.02254033 -0.15491933
  -0.02254033 -0.01967734]
 [-0.02745967 -0.82602817 -0.02745967  0.00635083 -0.12745967 -0.39364917
  -0.12745967 -0.02602817 -0.17745967 -0.17745967 -0.02254033 -0.02254033
   0.15491933  1.21967734  0.15491933  0.01967734  0.17745967  0.17745967
   0.02254033  0.02254033]] 
[[ 0.00635083 -0.09364917 -0.39364917 -0.29364917  0.00635083 -0.09364917
  -0.39364917 -0.29364917  0.08729833  0.1         0.68729833 -0.1
  -0.05635083  0.05635083  0.44364917 -0.44364917  0.08729833  0.1
   0.68729833 -0.1       ]
 [-0.39364917 -0.09364917  0.00635083 -0.29364917 -0.39364917 -0.09364917
   0.00635083 -0.29364917  0.1         0.08729833 -0.1         0.68729833
   0.44364917  0.05635083 -0.05635083 -0.44364917  0.1         0.08729833
  -0.1         0.68729833]
 [ 0.05        0.0161895   0.05       -0.2161895  -0.05       -0.0161895
  -0.05        0.2161895  -0.02254033 -0.02254033 -0.17745967 -0.17745967
   0.          0.          0.          0.          0.02254033  0.02254033
   0.17745967  0.17745967]] 
[[ 0.05       -0.05       -0.05        0.05        0.05       -0.05
  -0.05        0.05        0.          0.1         0.         -0.1
  -0.05635083  0.05635083  0.44364917 -0.44364917  0.          0.1
   0.         -0.1       ]
 [-0.31864917 -0.31864917 -0.06864917 -0.06864917 -0.31864917 -0.31864917
  -0.06864917 -0.06864917  0.25        0.38729833 -0.25        0.38729833
   0.25        0.25       -0.25       -0.25        0.25        0.38729833
  -0.25        0.38729833]
 [ 0.05        0.05        0.05        0.05       -0.05       -0.05
  -0.05       -0.05       -0.05635083 -0.1        -0.44364917 -0.1
   0.          0.          0.          0.          0.05635083  0.1
   0.44364917  0.1       ]] 
[[ 0.09364917 -0.00635083  0.29364917  0.39364917  0.09364917 -0.00635083
   0.29364917  0.39364917 -0.08729833  0.1        -0.68729833 -0.1
  -0.05635083  0.05635083  0.44364917 -0.44364917 -0.08729833  0.1
  -0.68729833 -0.1       ]
 [-0.09364917 -0.39364917 -0.29364917  0.00635083 -0.09364917 -0.39364917
  -0.29364917  0.00635083  0.1         0.68729833 -0.1         0.08729833
   0.05635083  0.44364917 -0.44364917 -0.05635083  0.1         0.68729833
  -0.1         0.08729833]
 [ 0.0161895   0.05       -0.2161895   0.05       -0.0161895  -0.05
   0.2161895  -0.05       -0.02254033 -0.17745967 -0.17745967 -0.02254033
   0.          0.          0.          0.          0.02254033  0.17745967
   0.17745967  0.02254033]] 
[[-0.06864917 -0.31864917 -0.31864917 -0.06864917 -0.06864917 -0.31864917
  -0.31864917 -0.06864917  0.38729833  0.25        0.38729833 -0.25
  -0.25        0.25        0.25       -0.25        0.38729833  0.25
   0.38729833 -0.25      ]
 [-0.05       -0.05        0.05        0.05       -0.05       -0.05
   0.05        0.05        0.1         0.         -0.1         0.
   0.44364917  0.05635083 -0.05635083 -0.44364917  0.1         0.
  -0.1         0.        ]
 [ 0.05        0.05        0.05        0.05       -0.05       -0.05
  -0.05       -0.05       -0.1        -0.05635083 -0.1        -0.44364917
   0.          0.          0.          0.          0.1         0.05635083
   0.1         0.44364917]] 
[[ 0.125 -0.125 -0.125  0.125  0.125 -0.125 -0.125  0.125  0.     0.25
   0.    -0.25  -0.25   0.25   0.25  -0.25   0.     0.25   0.    -0.25 ]
 [-0.125 -0.125  0.125  0.125 -0.125 -0.125  0.125  0.125  0.25   0.
  -0.25   0.     0.25   0.25  -0.25  -0.25   0.25   0.    -0.25   0.   ]
 [ 0.125  0.125  0.125  0.125 -0.125 -0.125 -0.125 -0.125 -0.25  -0.25
  -0.25  -0.25   0.     0.     0.     0.     0.25   0.25   0.25   0.25 ]] 
[[ 0.31864917  0.06864917  0.06864917  0.31864917  0.31864917  0.06864917
   0.06864917  0.31864917 -0.38729833  0.25       -0.38729833 -0.25
  -0.25        0.25        0.25       -0.25       -0.38729833  0.25
  -0.38729833 -0.25      ]
 [-0.05       -0.05        0.05        0.05       -0.05       -0.05
   0.05        0.05        0.1         0.         -0.1         0.
   0.05635083  0.44364917 -0.44364917 -0.05635083  0.1         0.
  -0.1         0.        ]
 [ 0.05        0.05        0.05        0.05       -0.05       -0.05
  -0.05       -0.05       -0.1        -0.44364917 -0.1        -0.05635083
   0.          0.          0.          0.          0.1         0.44364917
   0.1         0.05635083]] 
[[-0.29364917 -0.39364917 -0.09364917  0.00635083 -0.29364917 -0.39364917
  -0.09364917  0.00635083  0.68729833  0.1         0.08729833 -0.1
  -0.44364917  0.44364917  0.05635083 -0.05635083  0.68729833  0.1
   0.08729833 -0.1       ]
 [ 0.29364917 -0.00635083  0.09364917  0.39364917  0.29364917 -0.00635083
   0.09364917  0.39364917  0.1        -0.08729833 -0.1        -0.68729833
   0.44364917  0.05635083 -0.05635083 -0.44364917  0.1        -0.08729833
  -0.1        -0.68729833]
 [-0.2161895   0.05        0.0161895   0.05        0.2161895  -0.05
  -0.0161895  -0.05       -0.17745967 -0.02254033 -0.02254033 -0.17745967
   0.          0.          0.          0.          0.17745967  0.02254033
   0.02254033  0.17745967]] 
[[ 0.05       -0.05       -0.05        0.05        0.05       -0.05
  -0.05        0.05        0.          0.1         0.         -0.1
  -0.44364917  0.44364917  0.05635083 -0.05635083  0.          0.1
   0.         -0.1       ]
 [ 0.06864917  0.06864917  0.31864917  0.31864917  0.06864917  0.06864917
   0.31864917  0.31864917  0.25       -0.38729833 -0.25       -0.38729833
   0.25        0.25       -0.25       -0.25        0.25       -0.38729833
  -0.25       -0.38729833]
 [ 0.05        0.05        0.05        0.05       -0.05       -0.05
  -0.05       -0.05       -0.44364917 -0.1        -0.05635083 -0.1
   0.          0.          0.          0.          0.44364917  0.1
   0.05635083  0.1       ]] 
[[ 0.39364917  0.29364917 -0.00635083  0.09364917  0.39364917  0.29364917
  -0.00635083  0.09364917 -0.68729833  0.1        -0.08729833 -0.1
  -0.44364917  0.44364917  0.05635083 -0.05635083 -0.68729833  0.1
  -0.08729833 -0.1       ]
 [-0.00635083  0.29364917  0.39364917  0.09364917 -0.00635083  0.29364917
   0.39364917  0.09364917  0.1        -0.68729833 -0.1        -0.08729833
   0.05635083  0.44364917 -0.44364917 -0.05635083  0.1        -0.68729833
  -0.1        -0.08729833]
 [ 0.05       -0.2161895   0.05        0.0161895  -0.05        0.2161895
  -0.05       -0.0161895  -0.17745967 -0.17745967 -0.02254033 -0.02254033
   0.          0.          0.          0.          0.17745967  0.17745967
   0.02254033  0.02254033]] 
[[ 0.00635083 -0.02602817 -0.12745967 -0.02745967 -0.02745967 -0.12745967
  -0.39364917 -0.82602817  0.01967734  0.02254033  0.15491933 -0.02254033
  -0.02254033  0.02254033  0.17745967 -0.17745967  0.15491933  0.17745967
   1.21967734 -0.17745967]
 [-0.12745967 -0.02602817  0.00635083 -0.02745967 -0.39364917 -0.12745967
  -0.02745967 -0.82602817  0.02254033  0.01967734 -0.02254033  0.15491933
   0.17745967  0.02254033 -0.02254033 -0.17745967  0.17745967  0.15491933
  -0.17745967  1.21967734]
 [ 0.12745967  0.02602817  0.12745967  0.39364917  0.02745967 -0.00635083
   0.02745967  0.82602817 -0.02254033 -0.02254033 -0.17745967 -0.17745967
  -0.15491933 -0.01967734 -0.15491933 -1.21967734  0.02254033  0.02254033
   0.17745967  0.17745967]] 
[[ 0.0161895  -0.0161895  -0.05        0.05        0.05       -0.05
   0.2161895  -0.2161895   0.          0.02254033  0.         -0.02254033
  -0.02254033  0.02254033  0.17745967 -0.17745967  0.          0.17745967
   0.         -0.17745967]
 [-0.09364917 -0.09364917  0.00635083  0.00635083 -0.39364917 -0.39364917
  -0.29364917 -0.29364917  0.05635083  0.08729833 -0.05635083  0.08729833
   0.1         0.1        -0.1        -0.1         0.44364917  0.68729833
  -0.44364917  0.68729833]
 [ 0.09364917  0.09364917  0.39364917  0.39364917 -0.00635083 -0.00635083
   0.29364917  0.29364917 -0.05635083 -0.1        -0.44364917 -0.1
  -0.08729833 -0.08729833 -0.68729833 -0.68729833  0.05635083  0.1
   0.44364917  0.1       ]] 
[[ 0.02602817 -0.00635083  0.02745967  0.12745967  0.12745967  0.02745967
   0.82602817  0.39364917 -0.01967734  0.02254033 -0.15491933 -0.02254033
  -0.02254033  0.02254033  0.17745967 -0.17745967 -0.15491933  0.17745967
  -1.21967734 -0.17745967]
 [-0.02602817 -0.12745967 -0.02745967  0.00635083 -0.12745967 -0.39364917
  -0.82602817 -0.02745967  0.02254033  0.15491933 -0.02254033  0.01967734
   0.02254033  0.17745967 -0.17745967 -0.02254033  0.17745967  1.21967734
  -0.17745967  0.15491933]
 [ 0.02602817  0.12745967  0.39364917  0.12745967 -0.00635083  0.02745967
   0.82602817  0.02745967 -0.02254033 -0.17745967 -0.17745967 -0.02254033
  -0.01967734 -0.15491933 -1.21967734 -0.15491933  0.02254033  0.17745967
   0.17745967  0.02254033]] 
[[ 0.00635083 -0.09364917 -0.09364917  0.00635083 -0.29364917 -0.39364917
  -0.39364917 -0.29364917  0.08729833  0.05635083  0.08729833 -0.05635083
  -0.1         0.1         0.1        -0.1         0.68729833  0.44364917
   0.68729833 -0.44364917]
 [-0.05       -0.0161895   0.0161895   0.05        0.2161895  -0.05
   0.05       -0.2161895   0.02254033  0.         -0.02254033  0.
   0.17745967  0.02254033 -0.02254033 -0.17745967  0.17745967  0.
  -0.17745967  0.        ]
 [ 0.39364917  0.09364917  0.09364917  0.39364917  0.29364917 -0.00635083
  -0.00635083  0.29364917 -0.1        -0.05635083 -0.1        -0.44364917
  -0.68729833 -0.08729833 -0.08729833 -0.68729833  0.1         0.05635083
   0.1         0.44364917]] 
[[ 0.05       -0.05       -0.05        0.05        0.05       -0.05
  -0.05        0.05        0.          0.05635083  0.         -0.05635083
  -0.1         0.1         0.1        -0.1         0.          0.44364917
   0.         -0.44364917]
 [-0.05       -0.05        0.05        0.05       -0.05       -0.05
   0.05        0.05        0.05635083  0.         -0.05635083  0.
   0.1         0.1        -0.1        -0.1         0.44364917  0.
  -0.44364917  0.        ]
 [ 0.31864917  0.31864917  0.31864917  0.31864917  0.06864917  0.06864917
   0.06864917  0.06864917 -0.25       -0.25       -0.25       -0.25
  -0.38729833 -0.38729833 -0.38729833 -0.38729833  0.25        0.25
   0.25        0.25      ]] 
[[ 0.09364917 -0.00635083 -0.00635083  0.09364917  0.39364917  0.29364917
   0.29364917  0.39364917 -0.08729833  0.05635083 -0.08729833 -0.05635083
  -0.1         0.1         0.1        -0.1        -0.68729833  0.44364917
  -0.68729833 -0.44364917]
 [-0.0161895  -0.05        0.05        0.0161895  -0.05        0.2161895
  -0.2161895   0.05        0.02254033  0.         -0.02254033  0.
   0.02254033  0.17745967 -0.17745967 -0.02254033  0.17745967  0.
  -0.17745967  0.        ]
 [ 0.09364917  0.39364917  0.39364917  0.09364917 -0.00635083  0.29364917
   0.29364917 -0.00635083 -0.1        -0.44364917 -0.1        -0.05635083
  -0.08729833 -0.68729833 -0.68729833 -0.08729833  0.1         0.44364917
   0.1         0.05635083]] 
[[-0.02745967 -0.12745967 -0.02602817  0.00635083 -0.82602817 -0.39364917
  -0.12745967 -0.02745967  0.15491933  0.02254033  0.01967734 -0.02254033
  -0.17745967  0.17745967  0.02254033 -0.02254033  1.21967734  0.17745967
   0.15491933 -0.17745967]
 [ 0.02745967 -0.00635083  0.02602817  0.12745967  0.82602817  0.02745967
   0.12745967  0.39364917  0.02254033 -0.01967734 -0.02254033 -0.15491933
   0.17745967  0.02254033 -0.02254033 -0.17745967  0.17745967 -0.15491933
  -0.17745967 -1.21967734]
 [ 0.39364917  0.12745967  0.02602817  0.12745967  0.82602817  0.02745967
  -0.00635083  0.02745967 -0.17745967 -0.02254033 -0.02254033 -0.17745967
  -1.21967734 -0.15491933 -0.01967734 -0.15491933  0.17745967  0.02254033
   0.02254033  0.17745967]] 
[[ 0.05       -0.05       -0.0161895   0.0161895  -0.2161895   0.2161895
  -0.05        0.05        0.          0.02254033  0.         -0.02254033
  -0.17745967  0.17745967  0.02254033 -0.02254033  0.          0.17745967
   0.         -0.17745967]
 [-0.00635083 -0.00635083  0.09364917  0.09364917  0.29364917  0.29364917
   0.39364917  0.39364917  0.05635083 -0.08729833 -0.05635083 -0.08729833
   0.1         0.1        -0.1        -0.1         0.44364917 -0.68729833
  -0.44364917 -0.68729833]
 [ 0.39364917  0.39364917  0.09364917  0.09364917  0.29364917  0.29364917
  -0.00635083 -0.00635083 -0.44364917 -0.1        -0.05635083 -0.1
  -0.68729833 -0.68729833 -0.08729833 -0.08729833  0.44364917  0.1
   0.05635083  0.1       ]] 
[[ 0.12745967  0.02745967 -0.00635083  0.02602817  0.39364917  0.82602817
   0.02745967  0.12745967 -0.15491933  0.02254033 -0.01967734 -0.02254033
  -0.17745967  0.17745967  0.02254033 -0.02254033 -1.21967734  0.17745967
  -0.15491933 -0.17745967]
 [-0.00635083  0.02745967  0.12745967  0.02602817  0.02745967  0.82602817
   0.39364917  0.12745967  0.02254033 -0.15491933 -0.02254033 -0.01967734
   0.02254033  0.17745967 -0.17745967 -0.02254033  0.17745967 -1.21967734
  -0.17745967 -0.15491933]
 [ 0.12745967  0.39364917  0.12745967  0.02602817  0.02745967  0.82602817
   0.02745967 -0.00635083 -0.17745967 -0.17745967 -0.02254033 -0.02254033
  -0.15491933 -1.21967734 -0.15491933 -0.01967734  0.17745967  0.17745967
   0.02254033  0.02254033]] 
--------------------------------------------------------------------------------------------------
gaussPoints 27 
[-0.77459667 -0.77459667 -0.77459667] 
[ 0.         -0.77459667 -0.77459667] 
[ 0.77459667 -0.77459667 -0.77459667] 
[-0.77459667  0.         -0.77459667] 
[ 0.          0.         -0.77459667] 
[ 0.77459667  0.         -0.77459667] 
[-0.77459667  0.77459667 -0.77459667] 
[ 0.          0.77459667 -0.77459667] 
[ 0.77459667  0.77459667 -0.77459667] 
[-0.77459667 -0.77459667  0.        ] 
[ 0.         -0.77459667  0.        ] 
[ 0.77459667 -0.77459667  0.        ] 
[-0.77459667  0.          0.        ] 
[0. 0. 0.] 
[0.77459667 0.         0.        ] 
[-0.77459667  0.77459667  0.        ] 
[0.         0.77459667 0.        ] 
[0.77459667 0.77459667 0.        ] 
[-0.77459667 -0.77459667  0.77459667] 
[ 0.         -0.77459667  0.77459667] 
[ 0.77459667 -0.77459667  0.77459667] 
[-0.77459667  0.          0.77459667] 
[0.         0.         0.77459667] 
[0.77459667 0.         0.77459667] 
[-0.77459667  0.77459667  0.77459667] 
[0.         0.77459667 0.77459667] 
[0.77459667 0.77459667 0.77459667] 
--------------------------------------------------------------------------------------------------
DSPITE 9 
Gauss Point #1	( -0.7746;  -0.7746;)
[[-1.0309475  -0.34364917 -0.1309475  -0.04364917  1.37459667  0.2
   0.17459667 -0.2       ]
 [-1.0309475  -0.04364917 -0.1309475  -0.34364917 -0.2         0.17459667
   0.2         1.37459667]] 
Gauss Point #2	(  0.0000;  -0.7746;)
[[-0.34364917  0.34364917 -0.04364917  0.04364917  0.          0.2
   0.         -0.2       ]
 [-0.38729833 -0.38729833 -0.38729833 -0.38729833 -0.5         0.77459667
   0.5         0.77459667]] 
Gauss Point #3	(  0.7746;  -0.7746;)
[[ 0.34364917  1.0309475   0.04364917  0.1309475  -1.37459667  0.2
  -0.17459667 -0.2       ]
 [-0.04364917 -1.0309475  -0.34364917 -0.1309475  -0.2         1.37459667
   0.2         0.17459667]] 
Gauss Point #4	( -0.7746;   0.0000;)
[[-0.38729833 -0.38729833 -0.38729833 -0.38729833  0.77459667  0.5
   0.77459667 -0.5       ]
 [-0.34364917  0.04364917 -0.04364917  0.34364917 -0.2         0.
   0.2         0.        ]] 
Gauss Point #5	(  0.0000;   0.0000;)
[[-0.   0.   0.  -0.   0.   0.5  0.  -0.5]
 [-0.  -0.   0.   0.  -0.5  0.   0.5  0. ]] 
Gauss Point #6	(  0.7746;   0.0000;)
[[ 0.38729833  0.38729833  0.38729833  0.38729833 -0.77459667  0.5
  -0.77459667 -0.5       ]
 [ 0.04364917 -0.34364917  0.34364917 -0.04364917 -0.2         0.
   0.2         0.        ]] 
Gauss Point #7	( -0.7746;   0.7746;)
[[-0.04364917 -0.1309475  -0.34364917 -1.0309475   0.17459667  0.2
   1.37459667 -0.2       ]
 [ 0.34364917  0.1309475   0.04364917  1.0309475  -0.2        -0.17459667
   0.2        -1.37459667]] 
Gauss Point #8	(  0.0000;   0.7746;)
[[ 0.04364917 -0.04364917  0.34364917 -0.34364917  0.          0.2
   0.         -0.2       ]
 [ 0.38729833  0.38729833  0.38729833  0.38729833 -0.5        -0.77459667
   0.5        -0.77459667]] 
Gauss Point #9	(  0.7746;   0.7746;)
[[ 0.1309475   0.04364917  1.0309475   0.34364917 -0.17459667  0.2
  -1.37459667 -0.2       ]
 [ 0.1309475   0.34364917  1.0309475   0.04364917 -0.2        -1.37459667
   0.2        -0.17459667]] 
--------------------------------------------------------------------------------------------------
